0.718874
-0.900201
-0.362119
-0.369275
-0.158828
-0.126184
-0.731707
0.999284
-1.07176
-0.596606
0.303413
-0.686147
-0.605695
0.899239
-1.17565
-0.00800114
0.388188
-1.16463
-0.348159
1.11751
-1.60462
0.0603462
0.135842
-1.29964
0.404129
0.0274163
-1.5093
-0.741039
0.836802
-0.787166
-0.0573423
0.399405
-1.19082
-0.107454
1.10251
-1.72491
-0.146999
0.772675
-1.45938
0.21341
-0.00929336
-0.797032
0.206618
0.261265
-1.42341
0.151535
0.844951
-1.60757
0.202709
0.02238
-1.3686
0.190106
0.815526
-1.38174
0.0182509
0.712801
-1.49014
0.0300485
0.90304
-1.4853
0.449174
-0.507006
-1.16593
0.288696
1.07509
-1.54319
0.506097
-0.332238
-1.36792
-0.752921
0.623336
-0.748249
0.127731
0.865903
-1.38302
-0.211511
0.863925
-1.37766
0.365966
0.363632
-1.6203
-0.256473
0.874086
-1.50306
-0.0474663
0.665222
-1.53965
0.00859918
0.738051
-1.57374
0.304823
0.303222
-1.40125
-0.355357
1.05712
-1.43759
0.0256969
0.65104
-1.58027
0.30619
-0.405854
-1.34192
-0.225014
0.725753
-1.59977
-0.124802
0.757069
-1.7565
0.462509
0.442596
-1.6396
0.42415
0.913979
-1.58051
-0.245435
0.975219
-1.44243
0.250283
0.343678
-1.56381
0.0715952
0.260258
-1.38286
-0.210866
0.702652
-1.38421
-0.0572435
0.694342
-1.3524
-0.649367
1.05582
-1.32873
0.295338
0.672947
-1.56445
0.123795
0.855183
-1.52069
-0.0335975
0.554851
-1.24297
-0.0197791
0.739662
-1.45158
-0.000877827
0.639567
-1.34959
-0.373662
0.547284
-1.3122
-0.159962
0.490453
-1.21213
0.349195
0.665955
-1.48734
-0.238842
0.706249
-1.44184
-0.092078
-0.172459
-1.03044
-0.36561
0.479071
-0.929917
-0.155237
0.541034
-0.894814
0.0511523
1.03881
-1.53726
-0.00969222
-0.143969
-1.05992
-0.0220847
1.20855
-1.65439
-0.200405
0.558474
-1.54252
-0.193801
0.233268
-1.17822
-0.0170799
0.577244
-1.35909
0.340109
0.343251
-1.57478
-0.122002
0.893445
-1.27221
0.364432
-0.0441022
-1.31534
0.200322
0.115221
-1.40365
-0.0551176
1.16336
-1.50505
-0.213808
0.897424
-1.62592
-0.251824
0.464267
-1.25146
0.213021
0.582627
-1.1524
-0.251512
0.721812
-1.3592
-0.04422
0.734169
-1.54647
-0.065547
0.833759
-1.53594
-0.443512
0.639267
-1.02151
-0.149207
0.628985
-1.40323
0.0959759
0.32492
-0.928286
-0.0327954
0.627214
-1.17652
0.012705
0.786699
-1.60051
-0.0380032
0.586476
-1.27379
0.208883
0.241049
-1.15461
0.0530064
0.568347
-1.33653
0.0330949
0.230188
-1.3451
-0.186163
0.769169
-1.28005
0.252095
0.0306405
-1.26068
0.0694402
0.736358
-1.28884
0.224914
-0.564999
-1.3867
-0.409142
1.25841
-1.60543
-0.126025
0.603933
-1.54804
-0.22674
1.15917
-1.59252
0.0729935
0.72608
-1.19346
-0.0861742
1.0013
-1.31636
-0.0171065
0.762296
-1.48104
0.0604706
0.56581
-1.33866
0.093306
-0.135483
-1.48395
0.32688
0.20197
-1.1948
-0.846716
1.2
-1.34104
0.393613
0.699358
-1.34415
0.323662
0.152608
-1.34711
0.36801
1.05916
-1.73877
-0.398392
0.74933
-1.21784
-0.0243767
0.546268
-1.64847
0.330801
0.439492
-1.38915
-0.10389
1.21995
-1.7728
-0.104559
0.872221
-1.62583
0.441741
0.11243
-1.47058
0.055547
0.414567
-1.56641
0.26814
0.195753
-1.09959
0.216222
0.460007
-1.62403
0.233823
0.809992
-1.24234
-0.26347
1.13924
-1.46438
0.0334385
1.10909
-1.52748
0.172267
0.0722537
-1.46891
0.55177
-0.265708
-0.979771
0.140188
0.479477
-1.42855
0.114286
0.89747
-1.49044
-0.0060318
0.327407
-1.73248
0.175089
1.10527
-1.49784
-0.0593997
0.628119
-1.45296
0.349287
0.019538
-0.928062
0.350151
0.533419
-1.51865
-0.206258
1.38724
-1.5935
0.262545
1.18108
-1.67748
-0.199422
0.895734
-1.64093
-0.39373
0.751652
-1.52886
0.188627
0.43696
-1.35308
-0.253832
0.84935
-1.31459
0.482186
0.0749686
-1.39214
0.248041
-0.175611
-1.2721
-0.749271
1.24517
-1.3216
-0.356394
1.30156
-1.50888
-0.160955
0.755549
-1.53661
0.0584632
0.878792
-1.3761
0.271402
0.420593
-1.41455
-0.197584
1.05886
-1.56689
0.0837299
0.716638
-1.25475
0.474905
-0.376728
-1.45134
-0.187937
1.3427
-1.5478
-0.280856
0.608343
-1.27493
0.0117438
1.17808
-1.78701
0.42545
0.243315
-1.40361
0.282829
0.867254
-1.44928
0.151774
0.842103
-1.48785
-0.249282
0.849682
-1.55768
0.0457362
0.838592
-1.46249
0.0574543
1.03428
-1.57315
0.373098
0.788943
-1.53883
-0.0923264
0.415378
-1.59807
0.0672504
0.864968
-1.5164
0.211596
1.13638
-1.67117
0.206499
0.712129
-1.50256
0.0650862
0.465055
-1.33711
-0.12304
0.610511
-1.44215
0.363832
0.423681
-1.54668
0.755998
-0.824619
-1.19614
0.359007
0.796533
-1.67513
0.221838
1.05738
-1.55445
0.1927
0.019909
-1.68081
-0.106114
0.999444
-1.20092
-0.0731081
0.922
-1.42124
0.325839
-0.0468047
-1.14904
0.0909843
0.581596
-1.07002
0.32061
1.24305
-1.58842
0.165064
0.696501
-1.60712
0.158407
0.504328
-1.43794
-0.358598
0.556258
-1.49355
-0.0250921
0.836412
-1.46966
-0.461076
0.80782
-1.23464
0.258354
0.549729
-1.33823
0.2394
0.771107
-1.51479
0.285857
-0.0220604
-1.60092
0.420354
-0.158384
-1.53498
-0.0416322
0.693713
-1.44758
-0.25738
0.495872
-1.19807
-0.0110708
0.736333
-1.51709
-0.0301212
0.652447
-0.90348
0.672337
-0.832338
-1.233
0.128725
0.838671
-1.40599
0.485332
0.555454
-1.80043
-0.0257377
1.06979
-1.38406
-0.455907
0.471669
-1.39026
-0.0869331
1.31867
-1.43458
-0.474047
1.44495
-1.74165
0.430313
0.142278
-1.63629
0.0481998
0.712242
-1.63057
0.0758596
0.955922
-1.36653
-0.00200088
0.687926
-1.54268
0.658446
0.495736
-1.44914
-0.401453
0.251286
-1.33382
-0.235921
1.17346
-1.50653
0.162292
0.715269
-1.27336
0.05858
0.90585
-1.58786
-0.277747
0.68454
-1.544
0.320408
0.655162
-1.55397
-0.314707
1.32825
-1.23151
-0.44217
0.737761
-1.09402
0.112942
0.788383
-1.3788
-0.184047
1.14349
-1.36559
0.0504988
0.727429
-1.45981
-0.278815
1.15784
-1.58163
-0.0245986
0.927963
-1.63989
0.131346
0.847419
-1.37934
0.108625
0.682299
-1.41319
0.159873
0.053906
-1.27657
0.494384
0.29459
-1.35252
0.031624
1.13958
-1.62732
-0.352274
1.02505
-1.54309
0.158476
0.440595
-1.03506
0.357004
0.243145
-0.955397
0.122121
0.212134
-1.2379
0.261281
0.700134
-1.41802
0.000778707
0.731324
-1.57072
-0.00547211
0.746212
-1.43429
0.0679123
0.582496
-1.26639
0.177576
0.866045
-1.51195
-0.28425
0.767466
-1.21785
0.190145
0.360333
-1.35054
0.198532
0.911294
-1.5058
-0.0840127
0.887259
-1.53763
0.399281
0.898918
-1.49177
-0.248647
0.52453
-1.47631
0.404965
0.875514
-1.44317
-0.0340355
0.985956
-1.33814
0.102126
0.93864
-1.71204
0.326071
0.919874
-1.34474
-0.542097
0.571146
-1.39481
0.0697091
0.176741
-1.35233
0.301198
0.729529
-1.42406
0.122444
0.338708
-1.41183
-0.1646
-0.24973
-0.590713
-0.391024
0.865761
-1.68226
-0.0917742
1.24502
-1.53015
0.000734216
0.646672
-1.13688
-0.131804
0.675824
-1.13755
0.165054
0.460693
-1.50653
-0.155544
1.11848
-1.58798
0.137318
0.160524
-1.18739
-0.153513
0.915005
-1.58442
-0.0744592
0.647022
-1.38378
0.506016
0.718343
-1.5655
-0.476709
1.37984
-1.47165
-0.0965723
1.02944
-1.57976
0.423278
0.617226
-1.19324
0.173371
0.413969
-1.61858
0.492895
0.547188
-1.38397
-0.162825
0.414913
-1.15592
-0.210397
0.372367
-1.30271
0.02352
0.399764
-1.47829
0.0593093
0.940619
-1.88466
-0.235555
0.893738
-1.7381
-0.351358
0.65331
-1.24454
0.0398231
0.800452
-1.53161
0.20943
0.537349
-1.50944
0.404438
0.265296
-1.72252
0.0539545
0.471592
-1.63044
0.566893
0.745508
-1.48642
-0.290734
0.489968
-1.37804
-0.275255
0.881066
-1.46553
0.156914
0.51627
-1.4701
0.293295
0.770992
-1.57205
0.00822918
0.982302
-1.53121
0.222994
0.660974
-1.39969
0.125667
0.574429
-1.38081
-0.231748
1.18117
-1.39721
-0.220895
0.858289
-1.45855
0.21685
0.501406
-1.562
0.182356
0.281898
-1.2377
0.061294
0.894476
-1.58699
0.0213525
0.625351
-1.43964
0.0568017
0.818404
-1.57068
-0.135699
0.950726
-1.25519
0.528808
0.82366
-1.60364
-0.199809
0.80319
-1.43335
0.150619
0.966352
-1.41014
-0.482608
0.93604
-1.35507
0.3458
0.662478
-1.36851
0.332185
0.406059
-1.34737
0.119468
0.919654
-1.48166
0.236388
0.710306
-1.86777
-0.107827
1.37469
-1.59215
0.348278
-0.622314
-1.03142
0.278217
0.432392
-1.59589
-0.0610341
0.696128
-1.62541
0.13014
0.553916
-1.48748
0.0604524
0.875704
-1.50139
0.0207338
0.635113
-1.71406
-0.138141
0.846138
-1.62537
-0.04639
0.726966
-1.2315
0.178211
0.95293
-1.58457
-0.0644272
0.829621
-1.49271
0.439689
0.298268
-1.5688
-0.416839
0.928854
-1.49147
-0.413783
1.19698
-1.54473
-0.000963548
0.593942
-1.52654
0.0442042
0.814418
-1.49263
-0.128575
0.298575
-1.28617
0.0311333
0.340528
-1.29419
-0.0771665
0.90058
-1.66205
-0.220254
1.07546
-1.59387
0.358812
0.267254
-1.71516
-0.215481
1.14932
-1.50666
-0.110749
0.696221
-1.0106
0.494312
0.663426
-1.55865
0.167678
0.917487
-1.32666
0.0836534
0.599231
-1.36107
-0.541122
1.25956
-1.41959
0.203213
0.576422
-1.40342
0.294135
-0.110613
-1.50323
-0.923913
1.29895
-1.10568
-0.246829
0.824217
-1.42915
-0.107743
0.823299
-1.54927
-0.336303
0.955667
-1.6595
0.299547
0.908274
-1.61337
-0.11068
0.681986
-1.71141
-0.254366
0.207325
-1.35298
-0.022878
0.855338
-1.5008
0.115317
0.964035
-1.57394
0.156274
0.719677
-1.51625
-0.101537
1.24157
-1.65968
-0.0803575
1.05214
-1.46716
-0.0788415
1.10647
-1.62239
-0.150054
0.950907
-1.51046
-0.11688
0.938614
-1.49526
0.166814
0.341137
-1.66726
0.00209603
0.481289
-1.26575
0.12555
0.276398
-1.45905
0.0543579
0.78591
-1.41121
-0.018017
0.354549
-1.63741
-0.221091
1.04613
-1.49689
-0.101129
1.19127
-1.52554
-0.224744
0.602949
-1.42484
-0.227533
1.24178
-1.66961
0.0460073
0.62066
-1.45745
0.277065
0.390766
-1.47099
0.185842
0.908706
-1.47321
0.166674
0.52184
-1.41873
-0.32525
1.05228
-1.53316
0.00963536
0.843266
-1.56573
-0.0300046
0.85777
-1.56296
0.258663
-0.0827155
-1.47495
-0.129275
0.525709
-1.55962
-0.0396168
0.577868
-1.45477
0.104106
0.824475
-1.49844
-0.114247
1.03411
-1.51303
-0.0664203
0.318391
-1.36059
0.00989077
0.908653
-1.52676
0.0274037
1.00773
-1.70627
0.148434
0.639319
-1.70422
0.200983
-0.0653441
-1.40865
0.287032
0.436766
-1.58099
-0.00360289
0.982887
-1.55117
-0.202863
0.894607
-1.73435
-0.0315881
0.812101
-1.61079
0.077419
-0.348803
-1.27287
-0.20663
0.675417
-1.51092
-0.00730346
0.752211
-1.52719
0.172709
0.346816
-1.61057
-0.185566
0.937568
-1.4171
0.233047
0.163857
-1.31641
-0.0279263
0.340364
-1.17407
-0.0769628
0.957758
-1.46817
-0.0309298
0.920098
-1.45721
0.0649206
0.75843
-1.38755
0.467648
0.651388
-1.4773
-0.32344
1.24555
-1.52959
0.137238
0.686767
-1.42137
0.0605296
1.10033
-1.38083
-0.0495255
0.751762
-1.53395
-0.504211
0.935781
-1.37627
0.46025
0.666722
-1.47922
0.0164482
1.04861
-1.57256
0.20722
0.959887
-1.61043
-0.0850801
0.650343
-1.67585
0.224288
0.515316
-1.58888
-0.147527
0.672956
-1.47404
-0.0338595
1.10168
-1.74366
0.00146761
0.904568
-1.46657
0.37086
-0.0265793
-1.47364
0.122004
0.455598
-1.31935
0.0497986
0.73991
-1.65593
0.206772
0.487963
-1.5179
0.0678111
0.782027
-1.59424
-0.0542697
0.779477
-1.67826
0.262346
0.680815
-1.47947
0.139833
0.538841
-1.36015
0.620701
-0.154494
-1.31398
0.0822689
0.796311
-1.44103
-0.00784536
-0.425982
-1.28938
0.447152
0.652747
-1.61448
-0.198193
0.916993
-1.29326
0.503238
0.799607
-1.62325
0.188609
0.20587
-1.46659
0.0863132
0.599302
-1.57719
0.112641
1.20641
-1.72089
0.358503
0.372923
-1.23625
0.174692
0.762646
-1.29412
-0.0587839
0.861998
-1.57741
-0.0342542
1.32331
-1.60642
-0.169479
0.437449
-1.63103
0.0824372
0.795339
-1.09895
-0.354092
1.04258
-1.55126
-0.079027
1.03635
-1.70227
-0.282263
1.15978
-1.7162
-0.0568847
0.724511
-1.67917
-0.661213
1.24665
-1.37608
0.266726
1.10079
-1.67342
0.238117
0.540928
-1.41461
-0.068112
0.930732
-1.54295
0.0603675
0.555559
-1.41493
0.475309
0.813425
-1.59713
-0.143018
0.844022
-1.64776
0.648013
0.487925
-1.59818
0.317738
1.13916
-1.70148
-0.196097
0.393558
-1.08066
0.252312
0.766509
-1.54709
0.0741501
0.538042
-1.54292
0.270978
0.724497
-1.20562
-0.257813
0.804796
-1.6323
0.176664
0.231684
-1.54159
0.576118
0.59475
-1.50767
0.121492
0.809526
-1.45773
0.00927365
0.539685
-1.59885
0.181021
0.643985
-1.43139
-0.0536457
0.68944
-1.54759
-0.00620006
0.540952
-1.65874
0.0306845
0.597611
-1.40432
0.135019
1.10382
-1.7139
0.106184
0.317884
-1.32618
-0.284796
0.87189
-1.56827
-0.198571
0.233608
-1.3968
-0.282314
0.707793
-1.31503
0.232779
0.650708
-1.4407
0.443689
0.803839
-1.54996
0.174618
0.820257
-1.3418
-0.0374353
0.879107
-1.77182
0.200474
0.946881
-1.65128
0.40489
0.6051
-1.44694
0.0659618
0.565429
-1.3573
0.0161731
1.03962
-1.28994
0.719204
0.681709
-1.52622
0.161432
0.787229
-1.17381
-0.0972605
0.88167
-1.60962
0.428344
0.569855
-1.40327
-0.111711
0.504529
-1.2363
0.34665
0.904285
-1.30388
0.178678
0.179552
-1.4659
0.227746
1.08575
-1.69866
-0.00448408
0.703429
-1.41393
0.322477
0.855898
-1.47986
0.038389
1.01405
-1.70949
0.562988
0.168379
-0.853505
-0.0718279
0.850511
-1.43904
-0.21155
1.02156
-1.62293
0.165709
0.759459
-1.55681
0.145696
0.94921
-1.60742
0.0163567
0.623503
-1.34285
0.174824
0.675887
-1.55204
-0.197982
0.905567
-1.45033
0.184034
-0.509273
-1.3809
-0.0214982
0.253844
-1.20409
-0.309931
0.658241
-1.39254
0.0947977
0.618948
-1.55433
0.180942
0.824711
-1.61762
0.30549
0.392142
-1.33587
0.0460025
0.087908
-1.71657
0.503932
0.340034
-1.76132
-0.325763
0.0551832
-1.31295
-0.189573
0.754966
-1.56722
0.029622
0.73845
-1.44528
-0.34256
0.969792
-1.39
0.238943
0.596171
-1.37685
-0.214097
1.15017
-1.53411
0.199119
0.433684
-1.24553
-0.365782
0.202611
-1.07465
-0.0229061
0.971829
-1.51154
0.454211
0.248253
-1.42994
0.0875509
0.82058
-1.65993
-0.362799
0.799035
-1.40556
0.554081
0.659418
-1.52133
-0.155592
0.698701
-1.31816
0.704873
0.684451
-1.61399
0.0843016
0.61876
-1.35081
0.333693
0.463984
-1.3729
-0.0629194
0.921317
-1.47521
0.308433
-0.0411666
-1.31497
0.116842
0.433453
-1.41202
0.518621
0.697548
-1.4998
-0.200292
-0.0558631
-1.29609
0.127741
0.334225
-1.52204
-0.295377
0.707315
-1.63558
0.148697
0.202546
-1.39761
-0.386956
0.920437
-1.74519
0.304979
0.601117
-1.27974
0.170204
1.18489
-1.59683
0.0874326
0.820135
-1.40079
-0.166952
0.852967
-1.37365
0.358369
0.771415
-1.49314
-0.29697
1.40754
-1.82321
0.546845
0.833903
-1.5564
-0.219774
1.00909
-1.64601
0.147433
0.354415
-1.37713
0.323584
1.0677
-1.4531
-0.428646
0.962306
-1.3306
-0.0351779
0.740233
-1.4435
0.277525
0.829249
-1.49566
0.0127901
0.529037
-1.69394
-0.0381243
0.996037
-1.64469
0.127521
0.869483
-1.33018
0.155234
0.857698
-1.61562
-0.182361
0.771991
-1.54179
-0.105618
0.955556
-1.43751
0.128466
0.804411
-1.37536
0.307405
0.456769
-1.49315
0.501545
0.723055
-1.54076
0.0341817
0.280618
-1.38434
0.0726261
0.437204
-1.31222
-0.448889
1.01967
-1.27824
0.372908
0.345846
-1.59308
0.534845
0.220253
-1.71031
-0.309936
0.920871
-1.32665
0.303309
0.455043
-1.3617
-0.253529
0.966098
-1.61293
0.185918
0.877431
-1.29959
-0.194943
0.858961
-1.57496
-0.0549359
1.09256
-1.58151
0.344441
0.224203
-1.60654
0.0984492
0.471078
-1.77114
0.0909605
0.505395
-1.27202
-0.0696173
1.01153
-1.34181
-0.00955095
0.987355
-1.59584
0.22442
0.752534
-1.47353
0.195112
0.59001
-1.43545
0.132177
0.576551
-1.68316
0.126714
0.237179
-1.47385
-0.0781988
1.08702
-1.8604
-0.977935
1.04967
-0.928849
-0.104093
0.582434
-1.42597
0.215807
0.893741
-1.56302
0.134339
0.636801
-1.37309
-0.106854
0.898337
-1.38247
-0.158512
0.658317
-1.68931
0.172849
0.397073
-1.5171
-0.0522918
1.27362
-1.90547
-0.317518
1.08749
-1.45687
0.0935822
1.13079
-1.62924
0.434121
0.523013
-1.56125
0.572218
0.805915
-1.53992
-0.297516
1.09424
-1.75302
-0.00280918
1.12888
-1.6383
0.20869
0.935619
-1.45741
-0.0575058
0.560674
-1.56623
-0.155577
1.12974
-1.58022
0.159686
0.680513
-1.74113
0.000618817
0.687297
-1.47269
-0.0673234
0.813357
-1.58388
0.267107
0.808612
-1.45199
-0.0674211
1.03367
-1.59374
0.0727907
0.771907
-1.49817
-0.448786
1.23289
-1.50575
0.255225
0.814869
-1.33018
0.24086
0.824516
-1.59031
-0.0477354
0.346481
-1.26195
0.0446624
0.826547
-1.63715
0.179185
0.777061
-1.45984
0.37902
0.767431
-1.5109
-0.248391
0.937652
-1.72285
0.217674
0.340215
-1.38396
0.319834
0.547775
-1.51741
-0.784224
0.41428
-1.02708
0.0890414
0.25297
-1.54296
0.00211627
0.190386
-1.05752
0.138722
0.623823
-1.31467
-0.133761
0.715069
-1.4339
0.0621956
0.976085
-1.49935
0.0874028
0.737148
-1.36046
-0.325178
1.25931
-1.3642
-0.0520461
0.969724
-1.34946
-0.436316
0.82728
-1.52148
0.559577
0.487293
-1.34568
-0.343504
0.747922
-1.32361
-0.0923501
0.500134
-1.11928
0.0945122
0.367761
-1.71656
-0.133473
0.875458
-1.40096
0.398649
0.21541
-1.4233
0.353056
0.344936
-1.32964
-0.249197
0.927903
-1.83641
-0.639232
0.558129
-1.44748
-0.224087
0.931051
-1.7504
-0.438382
0.731042
-1.03756
-0.255537
1.19797
-1.53329
-0.123008
0.640606
-1.34159
-0.0734419
0.92986
-1.33273
0.400104
0.957723
-1.61911
-0.070894
1.06098
-1.55849
-0.702002
1.12828
-1.32151
0.165228
0.436878
-1.57021
-0.360971
1.40072
-1.58818
0.0784146
0.585604
-1.11378
0.331105
0.58595
-1.48711
0.290654
0.607685
-1.46924
-0.0338976
1.19279
-1.64563
-0.781845
0.267629
-0.394384
-0.0966726
0.747669
-1.47415
0.159885
0.742612
-1.1967
0.438158
0.5467
-1.47997
0.0706712
1.09741
-1.75698
0.0554162
0.645412
-1.53409
0.117966
0.452528
-1.5569
0.438996
0.898277
-1.4734
-0.481954
1.01627
-1.2252
0.144255
0.316838
-1.35553
-0.192524
0.372535
-1.29485
0.591671
0.0956616
-1.19868
0.359646
1.01027
-1.55962
0.062292
1.2386
-1.59409
0.334329
0.584758
-1.61397
0.195217
0.831158
-1.81838
0.017141
1.00528
-1.50995
0.297049
0.533177
-1.71652
0.118122
0.306065
-1.57706
0.274557
0.120839
-1.57578
0.308382
0.669997
-1.39533
0.0259161
0.952926
-1.6474
0.196253
0.589628
-1.52823
0.0485382
0.424835
-1.39023
0.151563
0.667774
-1.58445
0.214138
0.658386
-1.36833
-0.228579
0.984356
-1.57834
-0.0750323
0.752388
-1.49201
0.174443
0.679265
-1.437
0.344879
-0.536586
-1.24027
0.0881047
0.910438
-1.61374
-0.0858889
0.468649
-1.24272
-0.034522
1.21491
-1.83857
-0.448121
0.981972
-1.75701
0.182548
0.789073
-1.57785
-0.0268853
1.2671
-1.6709
0.05416
1.09164
-1.64254
0.400256
0.513628
-1.63798
0.142452
0.795584
-1.58274
0.422144
0.382096
-1.28006
0.0732469
0.734438
-1.52898
-0.486255
0.852021
-1.30454
0.0884458
1.14839
-1.51835
0.0162324
0.530008
-1.58327
-0.0346474
0.938031
-1.37631
-0.0383965
1.21817
-1.84935
0.488437
0.487153
-1.57647
0.459661
0.842547
-1.68354
0.119501
1.10312
-1.69867
0.206351
0.60743
-1.53407
-0.348672
0.564032
-1.21401
0.331079
0.828182
-1.56582
0.195694
0.543933
-1.55865
0.842073
-0.0380793
-1.24401
-0.513135
1.31218
-1.64246
0.239127
1.00344
-1.43958
-0.480981
1.36968
-1.58418
-0.085565
0.650669
-1.45887
0.352059
0.886445
-1.73498
-0.100924
0.927281
-1.49992
-0.2583
0.678303
-1.36342
-0.243241
1.2512
-1.63222
-0.0470766
0.995474
-1.59227
0.0608264
0.786835
-1.54864
-0.115169
0.709351
-1.44525
-0.0322898
1.10878
-1.61829
-0.233072
0.543072
-1.37672
0.302763
-0.0971412
-1.57698
0.0404736
0.721707
-1.49354
0.0537551
0.804677
-1.52278
0.332834
0.812188
-1.59666
0.113416
0.272862
-1.79277
-0.0539743
0.881282
-1.4477
0.170684
0.969455
-1.65364
0.110707
0.643848
-1.81605
0.492965
0.694858
-1.56864
0.269772
0.587192
-1.20328
-0.403165
1.07047
-1.74941
0.179361
-0.408255
-1.37198
0.211903
0.555731
-1.58027
0.476355
0.577535
-1.70242
0.160062
1.0211
-1.6606
-0.182737
0.6458
-1.74459
-0.209089
0.827466
-1.412
0.273948
0.576242
-1.36053
-0.175079
0.760027
-1.45587
0.0553628
1.01354
-1.46815
0.07725
1.00653
-1.59652
0.297251
0.764364
-1.58588
-0.0446101
0.974725
-1.48341
-0.0155706
1.23267
-1.59675
0.0248357
0.663998
-1.52393
0.420761
0.744701
-1.65314
0.165543
0.258723
-1.84433
-0.0787266
0.92349
-1.54951
-0.0887685
0.858481
-1.30219
0.0646386
0.0420346
-1.58223
-0.428455
1.2268
-1.66393
0.288614
1.03545
-1.71771
0.397471
0.903803
-1.58252
0.0413914
-0.444827
-1.21734
0.0225329
0.863975
-1.45152
0.275592
0.393213
-1.387
0.148402
0.642586
-1.38244
0.0710985
0.831822
-1.61729
0.213941
0.643311
-1.46993
0.419376
0.476035
-1.55794
-0.312204
0.919696
-1.68647
-0.110339
1.09963
-1.73085
-0.0129309
1.1849
-1.71547
0.0355526
0.919315
-1.49458
0.127916
-0.0252554
-1.41482
-0.192521
1.04375
-1.85304
0.0362195
1.08778
-1.51682
0.116015
0.790936
-1.51308
-0.122109
1.19733
-1.45555
0.314703
0.996367
-1.60378
0.0298919
0.9676
-1.57425
0.174668
0.760164
-1.57014
-0.114509
1.04341
-1.55761
0.486317
0.721799
-1.50923
-0.400717
1.16639
-1.53729
-0.321017
0.648495
-1.22602
-0.156619
0.691972
-1.58808
-0.587765
1.13289
-1.36434
-0.0203549
1.17763
-1.62639
0.18486
0.960945
-1.48268
0.434347
1.11773
-1.54057
0.304699
0.489341
-1.73477
-0.0816601
0.966087
-1.41371
0.283399
0.679754
-1.72618
-0.0351332
0.773676
-1.30817
0.0362819
0.825129
-1.91908
-0.271975
0.754908
-1.04297
-0.059899
0.756654
-1.56611
0.187536
0.465721
-1.5972
0.201257
0.71148
-1.52665
-0.117163
0.867429
-1.58461
-0.57061
1.06483
-1.62069
0.0918851
0.366911
-1.78077
0.244593
0.675539
-1.44201
-0.186289
0.94922
-1.63238
0.318173
0.270773
-1.2454
-0.00066583
1.09878
-1.53686
0.0723362
0.203942
-1.07133
0.0307109
0.985516
-1.53924
0.619599
-0.0887011
-1.54032
-0.226998
1.28157
-1.60403
0.543833
0.88065
-1.49215
0.210448
0.672668
-1.57563
0.189114
0.815662
-1.61645
0.176441
0.188263
-1.43981
0.17518
0.790853
-1.42704
0.442786
0.515296
-1.36733
0.158483
0.35606
-1.46691
0.2577
0.988811
-1.58722
0.157367
0.458097
-1.38923
0.478512
0.599992
-1.39855
0.295832
0.734292
-1.44492
-0.135376
1.18047
-1.69671
0.0740751
0.845021
-1.72434
0.116182
0.655563
-1.69721
0.34054
0.579296
-1.4474
0.103822
0.76886
-1.60758
-0.242104
1.21107
-1.56569
-0.510391
1.25854
-1.41786
0.00292658
0.476427
-1.66233
-0.403459
1.09833
-1.63429
0.0552701
0.839557
-1.57031
0.0237259
1.12408
-1.75976
-0.16726
1.33789
-1.91436
-0.354245
0.798322
-1.60354
0.0782915
1.03818
-1.90654
-0.244254
1.00045
-1.52068
-0.0245484
0.741386
-1.31626
0.0897714
0.496151
-1.64359
-0.0889596
0.791637
-1.34381
-0.41451
1.10417
-1.49371
-0.580915
0.812063
-1.54117
-0.434579
0.979754
-1.33974
0.129967
0.5918
-1.56351
0.0587616
0.776266
-1.4564
0.244232
0.789701
-1.69313
-0.367272
0.642189
-1.46292
-0.162075
0.891476
-1.75732
0.435554
0.432933
-1.80899
-0.537373
0.238007
-1.17385
0.0236195
0.564409
-1.64168
-0.0161654
0.626648
-1.43179
0.253507
0.846622
-1.46565
0.229933
0.706173
-1.69833
0.144964
0.763163
-1.53619
0.0305174
0.654074
-1.31544
0.355487
0.770292
-1.44964
0.781179
0.0399583
-1.24551
0.139982
0.219419
-1.70391
0.444373
0.564214
-1.62634
-0.113606
0.757822
-1.78499
0.250562
0.751456
-1.59295
0.402145
0.497639
-1.24594
0.0374624
0.953648
-1.56943
0.0648344
0.837238
-1.68123
0.550113
0.822182
-1.48008
0.304246
0.471927
-1.72381
-0.10385
0.957209
-1.52233
0.341012
0.699552
-1.56902
0.0891983
0.552535
-1.64352
0.056369
0.815571
-1.84681
0.202197
0.413827
-1.53906
-0.142623
0.964682
-1.55716
0.212633
0.636669
-1.75007
0.108623
0.748811
-1.59729
-0.27853
0.942162
-1.48342
-0.10647
0.989423
-1.69428
0.0829291
1.07349
-1.92806
0.126549
0.777733
-1.46934
0.107856
0.973163
-1.75032
0.285616
0.555556
-1.53913
0.373438
-0.156702
-1.29606
0.162987
0.597138
-1.72697
0.00457548
0.266564
-1.40403
-0.00594165
0.602408
-1.61073
0.137492
0.646991
-1.63368
-0.124463
0.655708
-1.28535
0.0945636
0.742561
-1.60836
0.0448539
0.775649
-1.78089
0.0063923
0.78034
-1.49945
-0.185973
1.16795
-1.65482
0.217918
0.813533
-1.46903
0.0166492
1.22496
-1.78752
-0.26856
1.06907
-1.37386
0.122736
0.415345
-1.67219
-0.102594
0.462625
-1.46098
-0.351709
1.0763
-1.27209
0.0295408
0.7347
-1.58909
0.106517
0.902282
-1.53677
0.199187
0.702995
-1.26909
-0.60516
1.15666
-1.59149
0.318955
0.819387
-1.59121
-0.258076
1.19569
-1.63754
-0.0629589
0.813803
-1.69786
0.48018
0.226083
-1.73299
-0.454273
1.01752
-1.38242
0.279429
0.379913
-1.43552
0.6787
0.414393
-1.37897
0.0864389
0.66801
-1.33486
0.315403
0.895156
-1.60893
0.353996
0.739799
-1.60351
0.500816
0.76526
-1.67498
0.430033
0.309084
-1.57914
0.0860664
0.849859
-1.55863
-0.0143692
1.20469
-1.81418
0.0981925
1.16162
-1.6669
0.240139
0.808484
-1.61146
0.0833219
1.03225
-1.63417
0.643794
0.569514
-1.54954
0.160458
0.757277
-1.63714
-0.123376
1.21098
-1.75991
0.172688
0.795037
-1.4777
-0.214801
1.17209
-1.5649
-0.0544046
1.16471
-1.52911
-0.0128414
0.727222
-1.11917
0.0912314
1.09764
-1.66253
-0.129102
0.714891
-1.63324
-0.0501772
1.04782
-1.53624
-0.20043
0.921624
-1.68525
-0.305533
0.597746
-1.66679
-0.413007
0.925806
-1.29789
0.5675
0.81947
-1.47071
-0.0992498
0.967089
-1.52969
0.370103
0.734843
-1.44522
0.171913
0.648468
-1.61528
-0.198428
0.976398
-1.36439
-0.123366
0.542274
-1.64815
-0.196875
1.05254
-1.63536
0.289688
0.847615
-1.77842
-0.0182584
0.778935
-1.35658
0.589617
0.775736
-1.63182
0.207211
0.789861
-1.72542
0.503836
0.546582
-1.61009
-0.246491
1.1557
-1.64851
0.489345
0.556783
-1.55558
0.0273253
0.736631
-1.59445
0.0772846
0.490983
-1.72442
-0.0685287
0.726718
-1.26045
0.0318164
0.989953
-1.69623
-0.114416
1.16059
-1.6213
-0.261922
0.906521
-1.83042
0.443138
0.624078
-1.70991
0.163963
0.776606
-1.58354
-0.012394
0.938588
-1.59354
-0.200965
1.29806
-1.69851
-0.34185
0.757492
-1.33089
0.46382
0.560933
-1.46376
0.132811
0.225329
-1.23354
-1.06172
1.15324
-1.16745
0.126749
1.01992
-1.61487
0.0642292
0.651579
-1.65345
-0.0511508
0.861493
-1.34644
0.192702
0.799365
-1.97925
-0.0880512
0.459196
-1.19503
-0.431999
1.03235
-1.57989
0.230528
0.573006
-1.53126
-0.344252
0.944055
-1.61643
0.0143842
1.06726
-1.43973
0.164967
-0.0123833
-1.42316
-0.123292
1.02023
-1.59764
0.371955
0.832418
-1.67783
-0.00524331
1.25976
-1.6477
-0.295165
1.29251
-1.54415
0.114575
0.557237
-1.77804
0.471406
0.814356
-1.35305
-0.0426901
0.776949
-1.55268
0.419358
0.744937
-1.43886
0.208368
0.152348
-1.49395
-0.202204
0.408109
-1.53576
-0.0494405
1.09224
-1.44653
0.0355449
0.918579
-1.41513
-0.433231
0.971235
-1.70127
0.370823
0.786623
-1.85609
0.0820267
0.893297
-1.31134
0.138547
1.26449
-1.49817
0.0987602
0.943617
-1.51708
0.260409
0.84069
-1.62872
0.195519
0.596191
-1.45229
0.184488
1.12177
-1.7115
-0.0281127
0.495784
-1.19621
-0.151197
0.643175
-1.41816
-0.0583491
1.03579
-1.35987
0.257823
0.42752
-1.45614
-0.180133
1.01285
-1.58498
0.0826689
0.687256
-1.4869
-0.346852
1.16439
-1.39407
-0.132444
1.33581
-1.71489
-0.34893
1.35787
-1.63103
0.303291
0.734881
-1.54639
-0.109786
0.014162
-1.22786
0.360212
0.29347
-1.28558
-0.0159332
1.18503
-1.64721
0.0773392
0.709833
-1.52739
-0.389414
0.51766
-1.24174
0.171716
0.895509
-1.64758
0.0988104
1.00969
-1.66361
-0.0565629
1.20994
-1.72278
-0.0171446
1.04859
-1.78078
0.261598
0.811203
-1.69363
-0.0770085
0.753604
-1.62194
-0.0230551
0.842608
-1.51263
0.288342
0.766933
-1.43921
0.0699229
0.829584
-1.67695
0.525421
0.888218
-1.57141
0.287569
0.789398
-1.39763
0.695472
0.13348
-1.54997
0.0983065
0.663635
-1.56129
-0.487184
0.771566
-1.54674
0.504136
0.699452
-1.52764
-0.14425
0.808323
-1.33379
0.112108
0.977238
-1.43818
0.3027
0.608997
-1.38427
0.0767991
0.999848
-1.60334
-0.168987
0.693875
-1.25886
-0.126248
1.45613
-1.59197
0.299274
0.747436
-1.32429
0.409517
0.755293
-1.60609
0.00216401
0.459362
-1.43465
0.0859922
0.901663
-1.48471
-0.0256133
0.531405
-1.26567
0.286278
0.836252
-1.48607
-0.13784
0.939111
-1.59165
0.361813
0.956287
-1.63978
-0.0504431
0.564604
-1.50419
-0.157071
0.823933
-1.33951
0.132477
0.458543
-1.32805
0.24191
0.874739
-1.63751
-0.362356
1.07243
-1.45324
0.195989
0.838581
-1.38192
0.526772
0.684532
-1.48012
0.0789991
0.896615
-1.53561
-0.0425267
0.949859
-1.50663
-0.143798
0.785712
-1.47074
-0.0301241
0.257617
-1.24152
0.182244
1.1819
-1.64705
0.2369
0.657526
-1.33678
0.284851
0.959564
-1.6763
0.306666
0.998792
-1.49827
0.23586
1.01597
-1.59
0.21906
0.635725
-1.45983
0.220988
0.294083
-1.63406
-0.053334
0.205356
-1.4666
0.132209
0.5553
-1.63872
0.463429
0.463544
-1.49998
-0.071828
0.887383
-1.46221
0.0536241
0.82119
-1.6709
0.118974
0.464278
-1.30781
0.0687657
0.755455
-1.6721
0.0313103
0.94746
-1.47417
0.545538
0.708654
-1.35081
0.359364
0.589969
-1.49601
0.0653346
0.0452823
-1.027
0.0762933
0.219214
-1.33614
