0.71834
-0.898618
-0.362681
-0.371372
-0.158422
-0.125833
-0.731569
0.997885
-1.07168
-0.59542
0.303036
-0.688394
-0.605713
0.896736
-1.17283
-0.0139948
0.398634
-1.17225
-0.348289
1.11725
-1.60372
0.0627075
0.137687
-1.30071
0.40332
0.0295151
-1.50955
-0.741366
0.832543
-0.78683
-0.0662334
0.400699
-1.18885
-0.105578
1.10309
-1.72562
-0.139876
0.762559
-1.44608
0.214839
-0.0106636
-0.801532
0.206565
0.263646
-1.42321
0.152433
0.845315
-1.60792
0.200976
0.0262431
-1.37059
0.190833
0.813086
-1.381
0.0192373
0.714895
-1.49015
0.0293566
0.904791
-1.48433
0.447854
-0.506413
-1.16918
0.287514
1.07749
-1.54449
0.506483
-0.332531
-1.37012
-0.751639
0.620893
-0.746729
0.127245
0.866779
-1.38247
-0.211578
0.864045
-1.37729
0.36544
0.36024
-1.62
-0.256471
0.873415
-1.50413
-0.0473036
0.667254
-1.5406
-0.000204833
0.742184
-1.57008
0.304496
0.307094
-1.40374
-0.355759
1.0553
-1.43543
0.0344766
0.646286
-1.58655
0.30604
-0.405257
-1.34157
-0.226358
0.727189
-1.59917
-0.12775
0.75856
-1.75557
0.461557
0.448518
-1.64138
0.425265
0.911954
-1.57801
-0.242884
0.975694
-1.44399
0.251189
0.34318
-1.56341
0.073692
0.263041
-1.38588
-0.215772
0.70285
-1.38062
-0.0576351
0.694604
-1.35208
-0.650041
1.05565
-1.32856
0.293953
0.675859
-1.5659
0.122932
0.855621
-1.52096
-0.0329604
0.55421
-1.24223
-0.0349155
0.737442
-1.4594
-0.000755088
0.636929
-1.34874
-0.374522
0.544569
-1.30853
-0.157093
0.48592
-1.21331
0.349084
0.664957
-1.4879
-0.244042
0.708375
-1.44155
-0.0885478
-0.172879
-1.03233
-0.363292
0.479225
-0.928425
-0.152452
0.534202
-0.88897
0.052735
1.03721
-1.53872
-0.00960599
-0.14024
-1.0617
-0.0197666
1.20953
-1.6565
-0.198779
0.558408
-1.54349
-0.191802
0.236845
-1.17987
-0.0152094
0.577178
-1.35928
0.341413
0.339369
-1.57062
-0.124304
0.891744
-1.27022
0.363285
-0.0390021
-1.31563
0.201667
0.113845
-1.40334
-0.0551865
1.16396
-1.50423
-0.215688
0.895581
-1.62447
-0.252106
0.464511
-1.25345
0.212954
0.584743
-1.15251
-0.247665
0.720364
-1.35903
-0.0447822
0.73146
-1.54566
-0.0630543
0.833064
-1.5354
-0.445798
0.641005
-1.02281
-0.146175
0.624496
-1.39948
0.0881145
0.323197
-0.921373
-0.0403913
0.630025
-1.17777
0.0128017
0.78302
-1.59915
-0.0392118
0.583238
-1.27412
0.211248
0.242709
-1.15037
0.0541189
0.56994
-1.33963
0.0346451
0.230701
-1.34663
-0.189295
0.771155
-1.27975
0.253803
0.0292996
-1.26038
0.0695023
0.737802
-1.28947
0.224846
-0.563286
-1.38699
-0.407822
1.25705
-1.60509
-0.128282
0.601444
-1.54728
-0.227648
1.16018
-1.59203
0.0720412
0.726
-1.19403
-0.0857855
1.00201
-1.31566
-0.018381
0.764223
-1.48013
0.0587327
0.567242
-1.33693
0.0931664
-0.132532
-1.48286
0.327122
0.202558
-1.19707
-0.841365
1.19844
-1.34672
0.395367
0.69706
-1.34488
0.322275
0.153175
-1.34617
0.3689
1.05867
-1.738
-0.398264
0.749244
-1.21786
-0.0234999
0.544893
-1.64945
0.332058
0.438039
-1.38876
-0.103376
1.2199
-1.77297
-0.106113
0.873911
-1.62651
0.441152
0.109574
-1.4701
0.0434565
0.41498
-1.55829
0.267896
0.192284
-1.09968
0.219007
0.459547
-1.62434
0.231117
0.809268
-1.24496
-0.261383
1.1349
-1.46354
0.0300459
1.11203
-1.52569
0.169277
0.0776562
-1.47118
0.549408
-0.262392
-0.979342
0.141739
0.476732
-1.42817
0.115719
0.898149
-1.49168
-0.0058039
0.328354
-1.7322
0.174359
1.10574
-1.49688
-0.0637356
0.630304
-1.45277
0.349617
0.0133021
-0.924176
0.34778
0.534755
-1.5181
-0.206362
1.38879
-1.5974
0.259965
1.18156
-1.67698
-0.200761
0.89552
-1.64095
-0.395356
0.749975
-1.52861
0.18863
0.435517
-1.35184
-0.256702
0.848811
-1.31148
0.481104
0.0704125
-1.38679
0.247322
-0.17972
-1.27052
-0.751064
1.24678
-1.31698
-0.352161
1.29768
-1.50946
-0.160935
0.75801
-1.53726
0.0570401
0.883065
-1.37437
0.271798
0.423205
-1.41564
-0.197418
1.05777
-1.56717
0.0836176
0.715103
-1.25369
0.47371
-0.374276
-1.45136
-0.18801
1.34239
-1.54932
-0.277934
0.610366
-1.27568
0.0141594
1.17655
-1.78856
0.427172
0.241948
-1.40602
0.285379
0.866653
-1.44969
0.153318
0.840476
-1.48929
-0.248583
0.852332
-1.55876
0.0435493
0.838753
-1.46326
0.0566333
1.03765
-1.57371
0.372763
0.789341
-1.53847
-0.100108
0.415865
-1.59284
0.0658776
0.865008
-1.51664
0.21118
1.13603
-1.66972
0.208674
0.709831
-1.50087
0.065393
0.464383
-1.33636
-0.120517
0.606876
-1.44
0.362972
0.421763
-1.54516
0.753092
-0.828547
-1.19495
0.359044
0.796627
-1.67591
0.220276
1.05467
-1.55301
0.191767
0.017928
-1.67781
-0.105346
1.00097
-1.202
-0.0732403
0.922268
-1.42146
0.323465
-0.0431772
-1.14781
0.0908743
0.579418
-1.06946
0.323023
1.24307
-1.58744
0.176618
0.694683
-1.61195
0.159792
0.510288
-1.43299
-0.367186
0.584897
-1.49693
-0.0288511
0.837323
-1.47085
-0.464534
0.807914
-1.23011
0.25789
0.552419
-1.33802
0.240151
0.771451
-1.51526
0.283953
-0.0161839
-1.6024
0.424335
-0.165496
-1.53695
-0.0424173
0.695759
-1.44793
-0.254715
0.490872
-1.20222
-0.0040768
0.731208
-1.51617
-0.0313316
0.649412
-0.902084
0.67308
-0.834095
-1.23146
0.126565
0.840545
-1.40508
0.484885
0.555801
-1.7972
-0.0255363
1.06732
-1.38474
-0.459472
0.477125
-1.38903
-0.0853021
1.31853
-1.43232
-0.476208
1.44368
-1.73949
0.430151
0.142109
-1.63558
0.0479864
0.71343
-1.633
0.0745382
0.957646
-1.36564
-0.00124844
0.686708
-1.54419
0.657714
0.497314
-1.44832
-0.404253
0.224417
-1.33854
-0.23737
1.17265
-1.50615
0.162583
0.711759
-1.27177
0.0605641
0.906244
-1.58902
-0.276396
0.684079
-1.5446
0.319717
0.652798
-1.55343
-0.314344
1.32748
-1.23276
-0.447407
0.739776
-1.09636
0.112345
0.787926
-1.37987
-0.184118
1.14451
-1.36424
0.0618511
0.717607
-1.45739
-0.280128
1.15885
-1.58189
-0.0238218
0.929459
-1.64114
0.132568
0.848671
-1.3799
0.110722
0.692941
-1.41938
0.158506
0.0580566
-1.27745
0.496696
0.292584
-1.35438
0.0331686
1.14137
-1.62884
-0.353526
1.02921
-1.54499
0.159014
0.440071
-1.03409
0.356562
0.246681
-0.959439
0.113811
0.213347
-1.23534
0.261929
0.697244
-1.417
0.000110371
0.731706
-1.57052
-0.00530972
0.745677
-1.43436
0.0671046
0.580648
-1.26594
0.178329
0.866066
-1.51217
-0.284037
0.766561
-1.21874
0.19144
0.358585
-1.34837
0.20008
0.910965
-1.50671
-0.0833743
0.887137
-1.53953
0.399761
0.897948
-1.49249
-0.248213
0.52757
-1.4775
0.40662
0.875124
-1.44262
-0.034591
0.985588
-1.3364
0.102272
0.939273
-1.71293
0.324963
0.920321
-1.34429
-0.539426
0.572063
-1.39941
0.0692725
0.177939
-1.35203
0.302983
0.729823
-1.42403
0.12295
0.339797
-1.41194
-0.162953
-0.24244
-0.594118
-0.391892
0.868825
-1.6848
-0.0914599
1.24579
-1.53089
0.00418441
0.646125
-1.13758
-0.1333
0.676198
-1.13883
0.162656
0.468567
-1.51093
-0.158602
1.11808
-1.58485
0.136039
0.164417
-1.18654
-0.146675
0.921264
-1.59686
-0.0767238
0.64668
-1.38311
0.507681
0.718694
-1.56709
-0.468274
1.36928
-1.46922
-0.0989567
1.03125
-1.57966
0.426704
0.612558
-1.19225
0.16923
0.419008
-1.61714
0.49289
0.546362
-1.38221
-0.163336
0.406255
-1.15354
-0.223253
0.379758
-1.30676
0.0314266
0.39913
-1.47574
0.057689
0.942594
-1.88387
-0.24158
0.895512
-1.73462
-0.350135
0.653389
-1.24477
0.0373533
0.80097
-1.53119
0.209701
0.537193
-1.51038
0.403851
0.267751
-1.72112
0.0545983
0.467806
-1.62871
0.566006
0.74674
-1.48687
-0.282324
0.484348
-1.37587
-0.277584
0.878782
-1.45874
0.154994
0.516667
-1.46971
0.294164
0.77212
-1.57169
0.00826759
0.981131
-1.53035
0.222878
0.66311
-1.39775
0.125417
0.575945
-1.38079
-0.231918
1.17795
-1.39689
-0.220917
0.857674
-1.46055
0.219481
0.499179
-1.56267
0.180933
0.280573
-1.23625
0.0601677
0.893895
-1.58675
0.0212256
0.626126
-1.43916
0.0538692
0.818934
-1.56999
-0.13775
0.952938
-1.25606
0.530755
0.821272
-1.60537
-0.197635
0.800775
-1.43323
0.14918
0.967354
-1.41089
-0.481242
0.935481
-1.35745
0.348555
0.656145
-1.36921
0.327074
0.403401
-1.34736
0.114091
0.923563
-1.48497
0.23732
0.709918
-1.86768
-0.106209
1.37458
-1.59113
0.348363
-0.620703
-1.03051
0.278526
0.429219
-1.59887
-0.061678
0.696497
-1.6259
0.130195
0.553496
-1.48717
0.060788
0.875333
-1.50115
0.0215531
0.63272
-1.71236
-0.139675
0.84836
-1.62476
-0.0472083
0.723805
-1.23015
0.1784
0.952754
-1.585
-0.0654858
0.830082
-1.49328
0.439941
0.299085
-1.56775
-0.416167
0.92925
-1.49316
-0.416132
1.20014
-1.54585
-0.00207819
0.593657
-1.52699
0.0426213
0.816481
-1.49194
-0.127557
0.297916
-1.28835
0.0310787
0.336625
-1.29502
-0.0824859
0.899842
-1.66031
-0.218851
1.07446
-1.59333
0.359173
0.267388
-1.71536
-0.2146
1.15113
-1.50564
-0.108855
0.695031
-1.01085
0.494033
0.661797
-1.55945
0.167019
0.921272
-1.32977
0.0839319
0.602159
-1.35999
-0.539128
1.2622
-1.42016
0.201881
0.575188
-1.40188
0.29266
-0.109915
-1.50389
-0.931531
1.29987
-1.09807
-0.24636
0.824095
-1.42997
-0.105915
0.826493
-1.54994
-0.337255
0.95677
-1.65959
0.299139
0.909895
-1.61385
-0.110159
0.679994
-1.71251
-0.258789
0.203332
-1.35357
-0.0244475
0.852613
-1.49782
0.113285
0.966853
-1.5736
0.147178
0.723293
-1.51734
-0.107354
1.24439
-1.66614
-0.0803537
1.05296
-1.46661
-0.0767976
1.10233
-1.62128
-0.151593
0.951357
-1.51224
-0.114954
0.936653
-1.49562
0.166543
0.340335
-1.66776
0.000551714
0.482286
-1.26482
0.127161
0.277415
-1.46183
0.0521962
0.785609
-1.40983
-0.0187026
0.351407
-1.63857
-0.220785
1.04632
-1.49736
-0.0998704
1.19046
-1.52632
-0.225174
0.602455
-1.42527
-0.22592
1.2428
-1.67045
0.034778
0.616078
-1.45385
0.277534
0.39056
-1.47081
0.186936
0.906906
-1.47251
0.16649
0.521297
-1.41961
-0.314461
1.05597
-1.53501
0.00960578
0.844803
-1.56686
-0.0297584
0.856816
-1.56378
0.258563
-0.0808424
-1.47569
-0.131687
0.532056
-1.56017
-0.035309
0.573234
-1.45371
0.101174
0.826063
-1.50177
-0.113898
1.03211
-1.51233
-0.0686749
0.320645
-1.36132
0.0071585
0.911646
-1.52811
0.0250394
1.01176
-1.70722
0.168816
0.691327
-1.72313
0.200403
-0.0692528
-1.40908
0.287835
0.437044
-1.58029
-0.00400703
0.983751
-1.55047
-0.202568
0.894801
-1.73543
-0.0321194
0.812889
-1.61136
0.0779835
-0.347607
-1.27665
-0.206513
0.673432
-1.51091
-0.00742318
0.749351
-1.52702
0.173247
0.345531
-1.61115
-0.185162
0.936814
-1.41315
0.230297
0.168087
-1.31768
-0.0280346
0.34094
-1.17641
-0.0757412
0.958039
-1.46968
-0.0313315
0.920842
-1.4563
0.0659934
0.758645
-1.38735
0.468943
0.651735
-1.47756
-0.3204
1.24601
-1.53119
0.140643
0.685273
-1.42014
0.0602083
1.09897
-1.38079
-0.0541529
0.754519
-1.5346
-0.504117
0.93647
-1.37615
0.459071
0.665155
-1.47935
0.0166104
1.04943
-1.57303
0.204622
0.962111
-1.61123
-0.0859422
0.649849
-1.67551
0.22311
0.514197
-1.58776
-0.146727
0.672374
-1.47443
-0.0320862
1.09859
-1.74369
0.00420065
0.904253
-1.46767
0.372297
-0.0311236
-1.4696
0.121321
0.456056
-1.32082
0.0512315
0.742329
-1.65498
0.205329
0.493916
-1.5216
0.0677925
0.781126
-1.59375
-0.054664
0.780281
-1.67796
0.260807
0.685908
-1.48116
0.139368
0.538792
-1.36108
0.620672
-0.156381
-1.31145
0.0817476
0.793249
-1.44137
-0.00684549
-0.426044
-1.29021
0.448455
0.653625
-1.61434
-0.196774
0.918655
-1.2946
0.503226
0.797277
-1.62265
0.187905
0.206399
-1.46633
0.0851562
0.598519
-1.57828
0.114251
1.20611
-1.72052
0.360927
0.373255
-1.23648
0.174913
0.764722
-1.29542
-0.0598122
0.86562
-1.57917
-0.0381377
1.32101
-1.6067
-0.170081
0.439778
-1.63197
0.0798429
0.79767
-1.10014
-0.353366
1.04063
-1.55317
-0.0790842
1.03594
-1.70062
-0.283969
1.15629
-1.71009
-0.0569724
0.725818
-1.68019
-0.661318
1.24544
-1.37746
0.265477
1.10161
-1.67263
0.238447
0.540618
-1.41497
-0.0704282
0.932233
-1.54134
0.0599488
0.55442
-1.41452
0.476326
0.812346
-1.59825
-0.142875
0.844253
-1.64849
0.647478
0.487638
-1.59832
0.316951
1.14108
-1.70176
-0.198806
0.385349
-1.07463
0.253458
0.765339
-1.54552
0.0742695
0.539206
-1.54372
0.26727
0.729642
-1.20573
-0.256857
0.804094
-1.63359
0.177597
0.229745
-1.5426
0.576357
0.594363
-1.5075
0.122065
0.810932
-1.45505
0.0101524
0.536212
-1.59927
0.180629
0.640598
-1.43114
-0.0556822
0.68739
-1.54534
-0.00879918
0.543739
-1.65989
0.028441
0.594647
-1.40462
0.133718
1.10411
-1.71281
0.107008
0.315667
-1.32538
-0.287319
0.873491
-1.56843
-0.197485
0.233748
-1.39648
-0.281558
0.702464
-1.31503
0.231793
0.649409
-1.4389
0.444287
0.808122
-1.55124
0.16999
0.823104
-1.34395
-0.037146
0.8801
-1.77209
0.201107
0.947034
-1.65025
0.403856
0.605983
-1.44544
0.0652588
0.565251
-1.35618
0.0151391
1.04075
-1.29065
0.718649
0.681497
-1.52525
0.162366
0.789676
-1.1728
-0.0983472
0.883234
-1.60858
0.429536
0.567531
-1.40271
-0.115874
0.526988
-1.23364
0.345199
0.904755
-1.3023
0.182016
0.175497
-1.46837
0.227602
1.08682
-1.69977
-0.00457524
0.702132
-1.41345
0.319501
0.853152
-1.47919
0.0405373
1.01189
-1.70931
0.559204
0.169993
-0.855104
-0.0697856
0.851276
-1.44006
-0.212084
1.02095
-1.62337
0.166944
0.759581
-1.55696
0.146771
0.949987
-1.60843
0.0163573
0.623737
-1.34353
0.174658
0.675162
-1.55163
-0.197011
0.905802
-1.44895
0.183595
-0.505844
-1.38336
-0.0245405
0.255517
-1.20366
-0.311033
0.657477
-1.38991
0.0936223
0.618929
-1.55487
0.179097
0.828926
-1.61869
0.305695
0.391307
-1.33511
0.0485422
0.0837614
-1.71727
0.503955
0.340183
-1.76118
-0.326615
0.0580332
-1.31164
-0.189754
0.755427
-1.56851
0.0303682
0.73788
-1.44533
-0.343423
0.970001
-1.39084
0.238431
0.595347
-1.37597
-0.217269
1.15442
-1.53467
0.197431
0.431765
-1.24605
-0.374327
0.202856
-1.06973
-0.0235588
0.971999
-1.51178
0.454092
0.2448
-1.42992
0.0895898
0.821222
-1.66115
-0.37106
0.793999
-1.40091
0.554973
0.658863
-1.52014
-0.153391
0.697757
-1.31574
0.704908
0.682776
-1.6142
0.0839793
0.617483
-1.35008
0.333911
0.463853
-1.37352
-0.0629724
0.924749
-1.47583
0.308544
-0.0429006
-1.31568
0.116666
0.437359
-1.41436
0.517766
0.69722
-1.49828
-0.200998
-0.057401
-1.29507
0.127169
0.334273
-1.52237
-0.29576
0.706422
-1.63556
0.14701
0.200384
-1.39536
-0.394743
0.915475
-1.74679
0.306451
0.600168
-1.2802
0.168956
1.18522
-1.59791
0.0873315
0.820731
-1.40195
-0.168976
0.853404
-1.37268
0.357065
0.77163
-1.49381
-0.300672
1.40928
-1.82156
0.548644
0.833025
-1.55709
-0.220781
1.00998
-1.64552
0.150082
0.353106
-1.37747
0.323782
1.06767
-1.45352
-0.426918
0.959927
-1.33182
-0.0373362
0.74125
-1.44271
0.277504
0.8283
-1.493
0.00974424
0.528797
-1.69317
-0.0364637
0.99409
-1.64572
0.12457
0.868612
-1.32902
0.154093
0.858216
-1.61794
-0.184075
0.775262
-1.5415
-0.104938
0.954162
-1.43902
0.128187
0.8019
-1.37513
0.305986
0.455793
-1.49248
0.498743
0.72469
-1.54056
0.0426982
0.270617
-1.37832
0.0688204
0.438661
-1.30343
-0.44207
1.01663
-1.28059
0.373219
0.34323
-1.5962
0.533929
0.218566
-1.70861
-0.310569
0.92062
-1.3244
0.301474
0.456832
-1.36448
-0.25275
0.966472
-1.61209
0.184696
0.876349
-1.29878
-0.193479
0.860218
-1.57719
-0.0580349
1.08646
-1.57943
0.342503
0.227023
-1.60669
0.101082
0.473387
-1.7698
0.0908865
0.50244
-1.27175
-0.0708622
1.01395
-1.3424
-0.00833522
0.989414
-1.59617
0.223855
0.751387
-1.47244
0.196128
0.587514
-1.43689
0.135009
0.573653
-1.68427
0.125986
0.238013
-1.47568
-0.0792598
1.0876
-1.85991
-0.978255
1.04964
-0.928922
-0.101914
0.580661
-1.42407
0.227091
0.888928
-1.56174
0.131249
0.638282
-1.37219
-0.108275
0.898115
-1.38123
-0.158272
0.657409
-1.68841
0.174755
0.393743
-1.51475
-0.0442043
1.27145
-1.91032
-0.322695
1.08429
-1.452
0.0935326
1.13015
-1.6305
0.43294
0.524682
-1.56122
0.573711
0.803502
-1.54001
-0.296164
1.09133
-1.74411
0.000331296
1.12839
-1.63878
0.207579
0.93575
-1.45611
-0.0587582
0.564799
-1.56631
-0.155315
1.13186
-1.57979
0.157995
0.683498
-1.74271
-0.00204693
0.68936
-1.47444
-0.0660516
0.814836
-1.5848
0.266098
0.810398
-1.45131
-0.0634331
1.03386
-1.59398
0.0725683
0.770418
-1.49665
-0.450128
1.23251
-1.5064
0.251898
0.817959
-1.33199
0.238643
0.825947
-1.59009
-0.0481822
0.348712
-1.26168
0.0451266
0.827609
-1.63676
0.179239
0.775789
-1.45961
0.380035
0.769284
-1.51249
-0.24636
0.939124
-1.72445
0.217353
0.339338
-1.38383
0.317231
0.544264
-1.51447
-0.78588
0.421938
-1.02918
0.0904652
0.247156
-1.54402
0.0119346
0.186842
-1.09138
0.138534
0.624488
-1.3166
-0.132603
0.712209
-1.43508
0.0626387
0.976146
-1.5006
0.0861536
0.737475
-1.3595
-0.324163
1.25785
-1.36195
-0.0534279
0.969607
-1.34975
-0.434784
0.829461
-1.52663
0.560046
0.488952
-1.34499
-0.34722
0.753047
-1.32497
-0.0904788
0.499257
-1.11968
0.0964052
0.369253
-1.71849
-0.131794
0.87535
-1.40037
0.396774
0.212519
-1.42725
0.355482
0.342554
-1.32913
-0.246003
0.91749
-1.83473
-0.631568
0.553516
-1.44945
-0.223909
0.929927
-1.75063
-0.438676
0.731383
-1.04157
-0.254214
1.19767
-1.53461
-0.123651
0.641754
-1.34172
-0.0790187
0.926152
-1.33007
0.398331
0.958007
-1.61905
-0.0732002
1.06371
-1.55736
-0.703801
1.13076
-1.32127
0.167539
0.437292
-1.56973
-0.365579
1.40172
-1.58758
0.0786171
0.581365
-1.11236
0.331002
0.5866
-1.48887
0.287819
0.607546
-1.46566
-0.0344408
1.19008
-1.64605
-0.78542
0.273638
-0.394849
-0.0966857
0.746885
-1.47293
0.159659
0.743767
-1.19737
0.437223
0.545693
-1.47983
0.0676741
1.09741
-1.75763
0.0563832
0.642279
-1.53385
0.117247
0.452873
-1.55762
0.439735
0.896946
-1.47478
-0.478996
1.01669
-1.2305
0.147774
0.317228
-1.35862
-0.19287
0.371466
-1.29085
0.591617
0.0936412
-1.20055
0.360816
1.00787
-1.55844
0.0643008
1.2378
-1.59378
0.334922
0.585761
-1.61532
0.193081
0.831505
-1.81843
0.0176716
1.00492
-1.51117
0.292501
0.534713
-1.71481
0.116743
0.305285
-1.57993
0.275137
0.118281
-1.5756
0.308141
0.668358
-1.39563
0.0317704
0.946446
-1.64812
0.200774
0.593096
-1.53286
0.0511495
0.416878
-1.39036
0.152219
0.66787
-1.58553
0.214524
0.659996
-1.36825
-0.226663
0.981496
-1.57862
-0.0736341
0.750551
-1.4923
0.17395
0.677719
-1.43643
0.344826
-0.534911
-1.24228
0.0851591
0.913144
-1.61527
-0.086254
0.468003
-1.24235
-0.034193
1.21512
-1.83812
-0.452189
0.984836
-1.75594
0.182762
0.792004
-1.57764
-0.0249835
1.26839
-1.67185
0.0567515
1.09266
-1.64472
0.39813
0.515752
-1.63705
0.142761
0.797805
-1.58467
0.420921
0.383639
-1.28103
0.0747102
0.732995
-1.5296
-0.488766
0.850711
-1.30515
0.0877024
1.14716
-1.51887
0.0187654
0.526506
-1.5851
-0.0347103
0.938079
-1.37441
-0.0398481
1.21662
-1.85008
0.48573
0.493615
-1.57842
0.458863
0.842441
-1.68212
0.121182
1.10354
-1.69947
0.206484
0.610307
-1.53577
-0.358564
0.550736
-1.21255
0.329476
0.829557
-1.56586
0.198991
0.546155
-1.5594
0.845223
-0.0388628
-1.2464
-0.513788
1.31346
-1.64057
0.241537
1.00443
-1.4394
-0.482174
1.36788
-1.58284
-0.0866121
0.649759
-1.45895
0.353554
0.884936
-1.73476
-0.100301
0.924589
-1.49624
-0.258072
0.678204
-1.3625
-0.244096
1.25216
-1.63273
-0.0479704
0.992051
-1.59118
0.0591136
0.78612
-1.54744
-0.11787
0.705387
-1.44653
-0.0322349
1.10883
-1.61808
-0.231879
0.541579
-1.37494
0.305123
-0.091954
-1.57829
0.0401507
0.71983
-1.4933
0.0523057
0.807631
-1.52287
0.336484
0.810214
-1.60033
0.112002
0.276735
-1.79241
-0.0523916
0.87891
-1.4475
0.172094
0.968378
-1.65267
0.112011
0.643359
-1.81543
0.49191
0.695662
-1.569
0.269431
0.588714
-1.20363
-0.40344
1.06978
-1.74773
0.178314
-0.407948
-1.37203
0.211807
0.557346
-1.58204
0.476921
0.578776
-1.70295
0.154213
1.02399
-1.65961
-0.180722
0.640602
-1.74443
-0.210883
0.828293
-1.4134
0.274435
0.577487
-1.3601
-0.139551
0.787008
-1.45711
0.0541501
1.01245
-1.46756
0.0758059
1.00869
-1.59767
0.29516
0.764135
-1.5842
-0.0429319
0.974773
-1.48421
-0.0156123
1.23301
-1.59721
0.0234929
0.66523
-1.52431
0.419688
0.745644
-1.65393
0.164743
0.25952
-1.84352
-0.0773336
0.922356
-1.55016
-0.100124
0.857892
-1.29852
0.0633075
0.0391094
-1.58047
-0.427436
1.22576
-1.66495
0.296059
1.03417
-1.72205
0.397026
0.905377
-1.58278
0.0254881
-0.435318
-1.21853
0.0212783
0.866452
-1.45052
0.276171
0.393282
-1.38695
0.145564
0.644325
-1.38385
0.0737286
0.82943
-1.61711
0.215397
0.643462
-1.46912
0.415921
0.473133
-1.5585
-0.312858
0.920081
-1.6866
-0.110949
1.0972
-1.73143
-0.0110367
1.18419
-1.71429
0.0362827
0.921785
-1.49454
0.123188
-0.0184173
-1.41651
-0.190382
1.04393
-1.85541
0.0348333
1.08941
-1.518
0.114835
0.792944
-1.51295
-0.12426
1.19658
-1.45581
0.315012
0.996632
-1.60391
0.0307302
0.966477
-1.57259
0.172375
0.761347
-1.57058
-0.113047
1.04398
-1.55884
0.485009
0.722076
-1.50812
-0.399538
1.16491
-1.53722
-0.318651
0.646134
-1.22496
-0.157666
0.691508
-1.587
-0.587387
1.13275
-1.36467
-0.0203866
1.17679
-1.62602
0.192518
0.95544
-1.48526
0.437285
1.11604
-1.54087
0.307316
0.490859
-1.73643
-0.078946
0.962957
-1.41503
0.282463
0.680288
-1.72503
-0.0331468
0.770808
-1.30631
0.0298169
0.84042
-1.91601
-0.271943
0.755792
-1.04409
-0.056965
0.75493
-1.5662
0.185472
0.465882
-1.59655
0.199706
0.712303
-1.5263
-0.117217
0.865918
-1.58534
-0.587027
1.05458
-1.61289
0.0916942
0.371552
-1.77826
0.247576
0.675113
-1.44198
-0.188568
0.951462
-1.6333
0.316741
0.273831
-1.24473
-0.000723826
1.09702
-1.53479
0.077554
0.208023
-1.07622
0.0324925
0.982493
-1.53866
0.619934
-0.0902933
-1.54123
-0.225107
1.28607
-1.60595
0.5417
0.881492
-1.49016
0.205845
0.675263
-1.57544
0.196448
0.828656
-1.63138
0.175378
0.190064
-1.44047
0.174566
0.790412
-1.42755
0.441879
0.51519
-1.36725
0.157058
0.356253
-1.46725
0.257498
0.989556
-1.58761
0.158976
0.459057
-1.39013
0.477941
0.599532
-1.39902
0.293714
0.73246
-1.44483
-0.136502
1.18028
-1.69765
0.0744042
0.845957
-1.72283
0.1143
0.657251
-1.69986
0.343434
0.577148
-1.44754
0.103507
0.768853
-1.60706
-0.241454
1.21084
-1.5655
-0.508351
1.25476
-1.41931
-0.000100898
0.475104
-1.66222
-0.404852
1.09217
-1.6368
0.0582147
0.84098
-1.57049
0.0213272
1.12329
-1.76069
-0.169808
1.33774
-1.91343
-0.367654
0.79262
-1.59697
0.0783613
1.05638
-1.90991
-0.243237
0.999485
-1.52117
-0.0252408
0.740351
-1.31478
0.0899224
0.497551
-1.64456
-0.0860651
0.796994
-1.34608
-0.414995
1.10359
-1.49321
-0.57987
0.812644
-1.54419
-0.432116
0.98644
-1.34429
0.131237
0.591319
-1.56403
0.0540323
0.773562
-1.45088
0.24642
0.786616
-1.69403
-0.369721
0.64399
-1.46275
-0.168661
0.890164
-1.75344
0.435707
0.432121
-1.80908
-0.539251
0.237493
-1.17379
0.0238678
0.566728
-1.643
-0.0169183
0.62483
-1.43271
0.253357
0.848978
-1.46777
0.229453
0.707263
-1.69773
0.143899
0.764462
-1.53615
0.0267403
0.652689
-1.31531
0.357591
0.763577
-1.44748
0.781687
0.0372459
-1.24412
0.139087
0.220631
-1.7042
0.442337
0.56255
-1.62532
-0.114619
0.759488
-1.78584
0.250752
0.752865
-1.59491
0.400231
0.495442
-1.24346
0.0355817
0.95601
-1.57002
0.0670434
0.832334
-1.68399
0.550323
0.822829
-1.479
0.303273
0.473343
-1.72253
-0.102855
0.957505
-1.52106
0.339009
0.699627
-1.56785
0.08995
0.554441
-1.64506
0.0578136
0.814393
-1.84763
0.204988
0.414045
-1.53966
-0.142555
0.966168
-1.55667
0.213547
0.635784
-1.75004
0.108879
0.745854
-1.59767
-0.27845
0.941858
-1.48316
-0.106761
0.990734
-1.6944
0.084869
1.07175
-1.92665
0.1264
0.778249
-1.46852
0.109502
0.973593
-1.75042
0.286661
0.554975
-1.53941
0.372195
-0.153739
-1.29644
0.16334
0.59682
-1.72836
0.0051503
0.265609
-1.40291
-0.00656451
0.604518
-1.61163
0.137305
0.643991
-1.63559
-0.128248
0.657294
-1.28401
0.0930075
0.743694
-1.60933
0.0433712
0.775035
-1.77929
0.00811486
0.780968
-1.49726
-0.185379
1.1672
-1.65486
0.217571
0.814893
-1.46899
0.0141914
1.22664
-1.78557
-0.282774
1.0608
-1.36435
0.12339
0.413019
-1.66804
-0.10249
0.462608
-1.46151
-0.328857
1.08787
-1.27286
0.0285062
0.734969
-1.5892
0.10646
0.902623
-1.53715
0.20009
0.704864
-1.26677
-0.605584
1.15499
-1.59276
0.319139
0.818766
-1.59136
-0.253206
1.19257
-1.6386
-0.0626367
0.814267
-1.69886
0.478856
0.225934
-1.73174
-0.459675
1.01716
-1.38261
0.279824
0.377377
-1.43127
0.681395
0.413516
-1.37814
0.0842307
0.676334
-1.34312
0.316973
0.894378
-1.60727
0.352133
0.736011
-1.60034
0.50133
0.763922
-1.67392
0.433526
0.307857
-1.58122
0.0835971
0.849692
-1.55742
-0.00631534
1.20497
-1.81781
0.101186
1.15782
-1.66611
0.23999
0.809559
-1.61104
0.085219
1.03222
-1.63513
0.643164
0.567473
-1.55087
0.162445
0.75745
-1.6387
-0.122545
1.21001
-1.76133
0.170622
0.793827
-1.47646
-0.213967
1.16937
-1.5648
-0.0525724
1.16377
-1.5275
-0.0114167
0.727205
-1.12036
0.0913238
1.09679
-1.66264
-0.130889
0.716067
-1.63263
-0.0504549
1.04923
-1.53666
-0.201216
0.922268
-1.68542
-0.303915
0.611272
-1.66636
-0.41921
0.928814
-1.30293
0.567527
0.819024
-1.47045
-0.100605
0.967809
-1.53025
0.370752
0.735438
-1.4462
0.170519
0.648336
-1.61516
-0.196653
0.977165
-1.36412
-0.148916
0.541207
-1.63501
-0.1961
1.05335
-1.63639
0.289609
0.84727
-1.77761
-0.0176312
0.778376
-1.357
0.589277
0.776869
-1.63062
0.210123
0.790859
-1.72565
0.500376
0.547592
-1.60983
-0.248505
1.15501
-1.64896
0.488014
0.558745
-1.55604
0.026174
0.735974
-1.59524
0.0752726
0.492717
-1.72161
-0.067594
0.725258
-1.26028
0.0325105
0.98903
-1.69682
-0.112779
1.16042
-1.62235
-0.256839
0.882954
-1.82605
0.439254
0.622429
-1.70837
0.169998
0.772136
-1.58196
-0.0109793
0.939737
-1.59265
-0.20019
1.29952
-1.6986
-0.339748
0.759655
-1.33651
0.465055
0.559244
-1.46495
0.129516
0.231338
-1.23547
-1.06128
1.15765
-1.16151
0.125092
1.02093
-1.61647
0.058508
0.652054
-1.65548
-0.0520649
0.861356
-1.34708
0.193577
0.793088
-1.97965
-0.0842032
0.458265
-1.1935
-0.433347
1.03247
-1.57913
0.232934
0.570838
-1.53168
-0.344743
0.943126
-1.61499
0.0156685
1.06776
-1.43995
0.184975
0.00208725
-1.44502
-0.125015
1.01684
-1.59691
0.375159
0.826892
-1.6781
-0.00425698
1.2599
-1.64799
-0.285956
1.29859
-1.54978
0.116042
0.559219
-1.78039
0.470478
0.81488
-1.35398
-0.0426649
0.774677
-1.55315
0.418945
0.745981
-1.43888
0.208961
0.152301
-1.49528
-0.200344
0.408513
-1.53657
-0.0472812
1.09086
-1.449
0.0344325
0.922414
-1.41554
-0.437053
0.973582
-1.70215
0.375439
0.783299
-1.85756
0.0801079
0.895421
-1.30813
0.141702
1.26171
-1.49715
0.0980946
0.946172
-1.51748
0.261095
0.840745
-1.62803
0.194949
0.596576
-1.45344
0.179798
1.1237
-1.71183
-0.0268613
0.496729
-1.19837
-0.149326
0.641815
-1.41858
-0.060859
1.03868
-1.36057
0.258675
0.426817
-1.45763
-0.179422
1.0158
-1.58724
0.0843132
0.684592
-1.48683
-0.351483
1.16686
-1.39455
-0.132222
1.33583
-1.71645
-0.345624
1.35703
-1.63167
0.304172
0.733328
-1.54708
-0.114573
0.0174319
-1.22669
0.360011
0.292136
-1.2857
-0.0137457
1.1839
-1.64671
0.075116
0.709339
-1.52685
-0.392448
0.522556
-1.24618
0.168869
0.899236
-1.64623
0.104168
1.00926
-1.66445
-0.0561016
1.20985
-1.7218
-0.0179643
1.04817
-1.78126
0.263838
0.806563
-1.6935
-0.0789261
0.753337
-1.62184
-0.023806
0.844622
-1.5127
0.287144
0.767453
-1.4383
0.0709629
0.826856
-1.67727
0.525741
0.888631
-1.57122
0.289955
0.792209
-1.39698
0.696751
0.13279
-1.55096
0.0978605
0.661756
-1.56169
-0.488057
0.761554
-1.53709
0.503881
0.698658
-1.52712
-0.146588
0.808953
-1.33399
0.109396
0.978386
-1.43966
0.305344
0.608445
-1.38488
0.0770422
0.99785
-1.60228
-0.167572
0.693139
-1.25964
-0.124567
1.45457
-1.59152
0.301427
0.749119
-1.32558
0.409455
0.75601
-1.60644
0.00171237
0.459781
-1.43373
0.0816505
0.90579
-1.48509
-0.0262031
0.528032
-1.26463
0.284352
0.838925
-1.48347
-0.137752
0.939042
-1.59167
0.360945
0.957619
-1.64076
-0.0493427
0.564549
-1.50368
-0.159236
0.825159
-1.33971
0.135009
0.457219
-1.32904
0.240073
0.873047
-1.63762
-0.363514
1.07275
-1.45415
0.19492
0.838377
-1.3827
0.525606
0.682923
-1.47946
0.0806677
0.895584
-1.53655
-0.0431836
0.949485
-1.50396
-0.146388
0.792695
-1.47401
-0.0330415
0.254602
-1.24128
0.176561
1.18395
-1.64981
0.236068
0.657013
-1.3366
0.286077
0.958007
-1.67678
0.305122
1.00148
-1.49962
0.233623
1.01417
-1.58821
0.219839
0.637763
-1.45999
0.219885
0.296387
-1.63181
-0.0634989
0.197446
-1.46788
0.132226
0.555383
-1.63861
0.461346
0.467442
-1.50003
-0.0713135
0.885422
-1.46127
0.0520072
0.82188
-1.67064
0.120512
0.464529
-1.30804
0.067315
0.760958
-1.67106
0.0311159
0.947798
-1.47268
0.544028
0.707991
-1.35001
0.361892
0.590514
-1.49621
0.0754379
0.0411111
-1.02406
0.0737428
0.220427
-1.33703
