0.719063
-0.89982
-0.36201
-0.370151
-0.158584
-0.125353
-0.73122
1.00136
-1.07471
-0.598004
0.306076
-0.688894
-0.601528
0.886532
-1.1672
-0.0113323
0.394991
-1.1714
-0.347653
1.11696
-1.60456
0.0623799
0.138318
-1.30084
0.401713
0.0313122
-1.51039
-0.741037
0.83418
-0.78609
-0.0629746
0.399323
-1.18789
-0.106899
1.1012
-1.72324
-0.142708
0.760488
-1.43593
0.213529
-0.00715334
-0.802434
0.205433
0.266588
-1.42384
0.151574
0.844402
-1.60587
0.202528
0.0263052
-1.36914
0.189469
0.815481
-1.38309
0.0197361
0.713003
-1.48981
0.0302975
0.901627
-1.48281
0.448968
-0.506362
-1.16904
0.28762
1.07778
-1.54202
0.509277
-0.334857
-1.36829
-0.748906
0.612211
-0.737473
0.127309
0.867801
-1.38335
-0.211652
0.865167
-1.37818
0.365733
0.359056
-1.62
-0.255143
0.873105
-1.50371
-0.0475034
0.668232
-1.53953
0.00948189
0.737285
-1.57341
0.305841
0.3091
-1.40472
-0.359034
1.06016
-1.43628
0.0311067
0.649886
-1.58727
0.307842
-0.406868
-1.34134
-0.22656
0.726709
-1.59939
-0.128043
0.75848
-1.75614
0.46058
0.445827
-1.64053
0.423979
0.913326
-1.57707
-0.242502
0.97425
-1.44223
0.249005
0.344393
-1.56289
0.0740011
0.264583
-1.38808
-0.218736
0.705509
-1.37939
-0.0576663
0.695826
-1.35403
-0.649079
1.05985
-1.33307
0.29463
0.676289
-1.56415
0.124152
0.854681
-1.52086
-0.0321435
0.553661
-1.24296
-0.0221531
0.740646
-1.45194
-0.00196244
0.640456
-1.34966
-0.374593
0.540774
-1.30454
-0.162134
0.494531
-1.2129
0.348491
0.668683
-1.48952
-0.243051
0.709731
-1.44234
-0.0935518
-0.169164
-1.03194
-0.371471
0.480941
-0.93316
-0.151592
0.539157
-0.891357
0.0495463
1.03818
-1.53817
-0.00705062
-0.141805
-1.06321
-0.0207595
1.20849
-1.65586
-0.198342
0.556493
-1.54258
-0.193175
0.236028
-1.17915
-0.0149497
0.575891
-1.35837
0.340238
0.342191
-1.57195
-0.123865
0.893647
-1.27167
0.362679
-0.040928
-1.31474
0.201731
0.114824
-1.40304
-0.0530231
1.16255
-1.50536
-0.214624
0.89731
-1.62671
-0.249369
0.461973
-1.25179
0.21131
0.58464
-1.15335
-0.248412
0.721005
-1.35921
-0.0443562
0.734296
-1.54663
-0.0655239
0.833689
-1.5343
-0.444946
0.64008
-1.02372
-0.145938
0.624582
-1.40123
0.0859324
0.327049
-0.921042
-0.0301789
0.629076
-1.18029
0.011886
0.78626
-1.59875
-0.0346412
0.586141
-1.27478
0.216926
0.246085
-1.15072
0.0526832
0.5715
-1.3389
0.0335619
0.231608
-1.34548
-0.188588
0.766881
-1.28094
0.253336
0.0318511
-1.26039
0.0699387
0.739422
-1.29127
0.224523
-0.562615
-1.38854
-0.408123
1.25696
-1.6056
-0.12585
0.600725
-1.54694
-0.228243
1.16002
-1.59196
0.0709826
0.726395
-1.19318
-0.0855296
1.00237
-1.31658
-0.0161942
0.764941
-1.48141
0.0597065
0.568302
-1.33653
0.0922281
-0.132322
-1.48281
0.326003
0.204591
-1.19625
-0.842923
1.19727
-1.34528
0.394251
0.69711
-1.34484
0.322245
0.153114
-1.34744
0.367393
1.05999
-1.73825
-0.39906
0.750046
-1.21838
-0.0251686
0.548248
-1.649
0.330545
0.439221
-1.39034
-0.102541
1.21908
-1.77279
-0.105369
0.8763
-1.62701
0.441936
0.110716
-1.46955
0.0455131
0.413248
-1.55866
0.26627
0.196572
-1.10096
0.216003
0.459318
-1.62398
0.231193
0.810537
-1.24454
-0.262135
1.13614
-1.4643
0.0329301
1.10929
-1.52798
0.168524
0.0788313
-1.46865
0.549923
-0.263597
-0.979781
0.140629
0.479617
-1.42836
0.114717
0.899873
-1.49062
-0.00706645
0.328064
-1.73296
0.175579
1.10658
-1.49863
-0.0631441
0.630064
-1.45233
0.349983
0.0165412
-0.927357
0.348546
0.532742
-1.51754
-0.205953
1.3909
-1.601
0.261821
1.18236
-1.67704
-0.199277
0.894887
-1.64111
-0.394316
0.748613
-1.52941
0.187524
0.437578
-1.35407
-0.256546
0.848887
-1.31051
0.482318
0.0734789
-1.39144
0.246176
-0.172878
-1.27272
-0.749697
1.2449
-1.3188
-0.353643
1.29936
-1.50917
-0.162456
0.758518
-1.5379
0.0572371
0.882903
-1.37633
0.273418
0.42151
-1.41683
-0.199711
1.05672
-1.56634
0.0832773
0.716983
-1.25411
0.474995
-0.377239
-1.45052
-0.19007
1.34539
-1.54863
-0.277422
0.610157
-1.27517
0.0120734
1.17945
-1.78835
0.427033
0.241169
-1.40562
0.28223
0.869176
-1.45126
0.151445
0.841305
-1.4876
-0.249936
0.851767
-1.55796
0.0464112
0.839356
-1.46315
0.0582745
1.03534
-1.57353
0.370319
0.788664
-1.53834
-0.0999496
0.418014
-1.5938
0.0662616
0.867154
-1.51778
0.214655
1.13791
-1.67015
0.209772
0.709954
-1.50103
0.0673475
0.463666
-1.33659
-0.121461
0.610091
-1.44198
0.362767
0.423672
-1.54676
0.752578
-0.824146
-1.1988
0.357546
0.797955
-1.67472
0.220421
1.05635
-1.55481
0.191599
0.021343
-1.67924
-0.106883
1.00054
-1.20227
-0.0736497
0.923572
-1.42124
0.324191
-0.0431806
-1.14844
0.0904492
0.581387
-1.06973
0.323614
1.24212
-1.58716
0.164361
0.698857
-1.60728
0.158052
0.507686
-1.43658
-0.365892
0.58481
-1.49587
-0.0286818
0.837686
-1.47093
-0.463267
0.808379
-1.23266
0.257393
0.551068
-1.33954
0.239162
0.772132
-1.51471
0.282967
-0.0148411
-1.60344
0.421176
-0.163909
-1.5359
-0.0434768
0.695678
-1.44594
-0.256566
0.49182
-1.20177
-0.0059052
0.735535
-1.51724
-0.0282729
0.639103
-0.899308
0.672669
-0.83253
-1.23228
0.124362
0.841706
-1.40165
0.483296
0.557446
-1.79881
-0.0254496
1.07134
-1.38474
-0.460258
0.474165
-1.39016
-0.0893281
1.32088
-1.4332
-0.480504
1.44577
-1.73926
0.428974
0.146276
-1.63756
0.0458892
0.716152
-1.63373
0.0730607
0.958391
-1.36536
-0.00184904
0.68662
-1.54453
0.65456
0.497124
-1.44975
-0.404327
0.242499
-1.33615
-0.238291
1.17306
-1.50491
0.159247
0.716954
-1.27348
0.059306
0.905751
-1.58874
-0.27773
0.686065
-1.54485
0.32093
0.652529
-1.55517
-0.314083
1.32753
-1.23327
-0.447786
0.741101
-1.09765
0.112387
0.789569
-1.38054
-0.183104
1.14323
-1.36538
0.0665754
0.716966
-1.45727
-0.28108
1.16009
-1.5816
-0.0247491
0.93066
-1.64166
0.13288
0.847778
-1.37874
0.109886
0.693102
-1.41969
0.160661
0.059256
-1.27917
0.495496
0.297889
-1.35736
0.036009
1.13853
-1.62894
-0.352448
1.03042
-1.54432
0.157466
0.442463
-1.03564
0.353081
0.252128
-0.955066
0.11466
0.21711
-1.23753
0.259828
0.699757
-1.4167
-5.53213e-07
0.73092
-1.57052
-0.00654246
0.748469
-1.43575
0.0670292
0.584547
-1.2671
0.177691
0.868572
-1.5132
-0.283061
0.767221
-1.21944
0.190563
0.360047
-1.34932
0.198798
0.911992
-1.50642
-0.084211
0.88999
-1.53985
0.398015
0.900636
-1.49244
-0.248637
0.52974
-1.47907
0.405194
0.876313
-1.44381
-0.039716
0.991974
-1.33666
0.101624
0.939978
-1.7124
0.324139
0.919967
-1.34458
-0.540926
0.570904
-1.39543
0.067971
0.17503
-1.35374
0.300837
0.728821
-1.42321
0.120897
0.34265
-1.41317
-0.161374
-0.24559
-0.593873
-0.390847
0.862211
-1.68377
-0.0919183
1.24693
-1.53064
0.00426017
0.645077
-1.13757
-0.122721
0.671079
-1.13801
0.175497
0.458566
-1.50121
-0.152164
1.11913
-1.58861
0.135562
0.166557
-1.18823
-0.145977
0.924252
-1.59811
-0.074123
0.646148
-1.38357
0.507592
0.719076
-1.5672
-0.469614
1.37004
-1.46794
-0.0967533
1.0323
-1.57968
0.422898
0.617234
-1.1933
0.173343
0.415087
-1.61841
0.491903
0.548614
-1.38353
-0.167755
0.409268
-1.15383
-0.221239
0.379242
-1.30507
0.0266466
0.399661
-1.47903
0.0609928
0.940645
-1.88676
-0.233146
0.892352
-1.74039
-0.353187
0.655177
-1.24556
0.0370105
0.801426
-1.53159
0.209305
0.536756
-1.50926
0.403228
0.269659
-1.72288
0.0521878
0.474056
-1.62983
0.564038
0.748716
-1.48717
-0.285113
0.485381
-1.37709
-0.276731
0.883213
-1.46877
0.154744
0.51882
-1.47105
0.293484
0.774085
-1.5714
0.00801135
0.983193
-1.53093
0.224211
0.663635
-1.39782
0.126384
0.576458
-1.38141
-0.231398
1.17818
-1.39799
-0.218209
0.856943
-1.45934
0.217792
0.501307
-1.56217
0.182791
0.280996
-1.23714
0.0618229
0.894945
-1.58685
0.0218881
0.62429
-1.43973
0.0564177
0.819944
-1.57069
-0.141061
0.95676
-1.25494
0.529384
0.823383
-1.60516
-0.198457
0.802392
-1.43357
0.149581
0.96891
-1.4117
-0.480008
0.935884
-1.35856
0.343818
0.662314
-1.36953
0.335618
0.404232
-1.34543
0.115329
0.922148
-1.48431
0.237464
0.70904
-1.86748
-0.10683
1.37653
-1.59234
0.346673
-0.617393
-1.0307
0.276978
0.431383
-1.59636
-0.0612139
0.697735
-1.62723
0.129745
0.551564
-1.4873
0.0623198
0.877384
-1.50281
0.0202657
0.634289
-1.71309
-0.138548
0.84833
-1.62585
-0.0460326
0.72419
-1.23083
0.177314
0.955201
-1.58562
-0.0659802
0.831221
-1.49316
0.439902
0.297882
-1.56708
-0.415417
0.929184
-1.49493
-0.41321
1.19855
-1.54611
-0.0020176
0.592782
-1.52637
0.0425052
0.816301
-1.49283
-0.127569
0.297602
-1.28838
0.0305779
0.341322
-1.29573
-0.0780372
0.900965
-1.66062
-0.220215
1.07439
-1.59258
0.358017
0.268049
-1.7151
-0.213386
1.14886
-1.50511
-0.108816
0.695578
-1.00971
0.49258
0.664606
-1.55946
0.167845
0.918567
-1.32666
0.0838489
0.601414
-1.36084
-0.543603
1.26139
-1.41791
0.200065
0.57705
-1.40334
0.293305
-0.108892
-1.50455
-0.929977
1.2987
-1.09947
-0.247034
0.824557
-1.42872
-0.106908
0.82609
-1.54951
-0.336193
0.954734
-1.66028
0.298713
0.910819
-1.61494
-0.106084
0.67974
-1.71393
-0.255696
0.207213
-1.35336
-0.0222112
0.85221
-1.4975
0.115333
0.964491
-1.57341
0.153701
0.721183
-1.51678
-0.108378
1.24507
-1.66544
-0.0806334
1.05358
-1.46792
-0.0788704
1.1049
-1.62213
-0.151869
0.953005
-1.51271
-0.115532
0.939853
-1.49622
0.165114
0.341824
-1.66716
0.00116078
0.483834
-1.26368
0.125717
0.275109
-1.46542
0.0542395
0.785123
-1.41098
-0.0172112
0.351458
-1.63802
-0.221124
1.04658
-1.49705
-0.100512
1.19004
-1.52674
-0.225958
0.604025
-1.42524
-0.225992
1.24058
-1.67019
0.0263915
0.614255
-1.452
0.276589
0.391965
-1.47196
0.186726
0.908672
-1.4745
0.165893
0.521697
-1.41766
-0.319028
1.0519
-1.5322
0.00840755
0.846132
-1.56673
-0.0280388
0.855313
-1.56334
0.256566
-0.078122
-1.47615
-0.130833
0.529597
-1.56125
-0.04177
0.581354
-1.4582
0.0995491
0.827715
-1.49913
-0.114614
1.03046
-1.51099
-0.0683574
0.322337
-1.36136
0.00870691
0.912454
-1.52854
0.0231765
1.01075
-1.70488
0.163447
0.679902
-1.72011
0.200697
-0.0682352
-1.40847
0.288584
0.440353
-1.58049
-0.00396936
0.985163
-1.55123
-0.201192
0.898654
-1.73628
-0.0319542
0.811878
-1.61188
0.0781782
-0.34728
-1.27445
-0.208136
0.678347
-1.51224
-0.00875999
0.749703
-1.52808
0.170901
0.345843
-1.6104
-0.1901
0.94037
-1.41571
0.231946
0.166917
-1.31827
-0.0272534
0.340167
-1.17691
-0.0753724
0.957478
-1.47017
-0.0321787
0.92289
-1.45705
0.064452
0.761041
-1.38827
0.46881
0.653485
-1.47661
-0.320949
1.24608
-1.53096
0.138979
0.686209
-1.41972
0.0614201
1.09861
-1.38115
-0.0530739
0.757277
-1.53538
-0.503589
0.935956
-1.37669
0.459723
0.665738
-1.47968
0.014752
1.05185
-1.57285
0.205995
0.962343
-1.61088
-0.0853502
0.652461
-1.67717
0.223695
0.514708
-1.58908
-0.147249
0.675727
-1.47466
-0.0313475
1.10118
-1.7437
0.00316213
0.907724
-1.46849
0.370998
-0.0278696
-1.47118
0.121345
0.454566
-1.31836
0.0505618
0.742389
-1.65519
0.205752
0.494049
-1.52092
0.0661551
0.781385
-1.59384
-0.0547089
0.779112
-1.67854
0.261676
0.686052
-1.48123
0.139988
0.540445
-1.36122
0.621099
-0.1582
-1.31212
0.0796654
0.79503
-1.43934
-0.00714757
-0.424442
-1.29116
0.447583
0.653403
-1.613
-0.195103
0.918201
-1.29463
0.503502
0.798093
-1.62325
0.187568
0.206934
-1.46629
0.0861307
0.597581
-1.57743
0.113277
1.20651
-1.72094
0.365215
0.372113
-1.23556
0.176674
0.764772
-1.29676
-0.0591595
0.862441
-1.57718
-0.0224101
1.33254
-1.60528
-0.17007
0.438176
-1.6329
0.0803357
0.798326
-1.10058
-0.356786
1.04624
-1.55054
-0.0834621
1.03842
-1.70181
-0.282104
1.15724
-1.71318
-0.057734
0.726477
-1.67981
-0.661724
1.24531
-1.37568
0.266242
1.10221
-1.67432
0.239143
0.542008
-1.41551
-0.0703652
0.932128
-1.54239
0.0591892
0.558257
-1.41458
0.476671
0.811544
-1.59778
-0.14297
0.84449
-1.64855
0.649116
0.487401
-1.59921
0.315337
1.14316
-1.70217
-0.196321
0.384151
-1.07594
0.254394
0.762856
-1.54531
0.0751897
0.539261
-1.54482
0.268221
0.729344
-1.2065
-0.257398
0.805036
-1.6343
0.177629
0.231462
-1.54129
0.572609
0.593758
-1.5066
0.120268
0.814689
-1.45713
0.00976856
0.537814
-1.59965
0.177836
0.643679
-1.42994
-0.0543395
0.68752
-1.54515
-0.011151
0.543733
-1.66045
0.0305002
0.598141
-1.40482
0.134233
1.10491
-1.71445
0.113943
0.317167
-1.32903
-0.287293
0.8749
-1.56906
-0.198269
0.235434
-1.39768
-0.283154
0.70962
-1.31518
0.230551
0.6523
-1.44007
0.443995
0.80657
-1.55088
0.172789
0.824049
-1.34338
-0.0377476
0.880759
-1.77222
0.201266
0.947342
-1.65174
0.403863
0.6062
-1.44534
0.0655898
0.565052
-1.35727
0.0154551
1.04497
-1.29335
0.718609
0.681315
-1.52567
0.163147
0.787423
-1.17505
-0.0984569
0.88387
-1.60911
0.427906
0.571355
-1.40423
-0.112033
0.515321
-1.23815
0.346109
0.904313
-1.30391
0.178678
0.17859
-1.4684
0.226332
1.08535
-1.69814
-0.0044929
0.702664
-1.41283
0.315167
0.856903
-1.47834
0.0405845
1.01692
-1.70902
0.560982
0.168412
-0.854118
-0.0703558
0.850858
-1.44007
-0.212605
1.02285
-1.62468
0.166134
0.759873
-1.55751
0.145866
0.951922
-1.60936
0.0146715
0.625691
-1.34309
0.174568
0.676086
-1.55325
-0.196894
0.907194
-1.45005
0.183513
-0.507886
-1.3839
-0.024892
0.254291
-1.20476
-0.31313
0.660101
-1.39257
0.0946441
0.618418
-1.55318
0.177586
0.828977
-1.61841
0.304262
0.393724
-1.33608
0.0486279
0.0841041
-1.7181
0.501908
0.342358
-1.76162
-0.329018
0.0591332
-1.31229
-0.188561
0.756376
-1.56801
0.0287258
0.742802
-1.44647
-0.342436
0.970358
-1.39107
0.239018
0.597273
-1.37701
-0.215792
1.15439
-1.53482
0.198574
0.433348
-1.24699
-0.373764
0.205833
-1.07206
-0.021037
0.969494
-1.51216
0.453656
0.247583
-1.43011
0.0883916
0.822744
-1.66083
-0.355281
0.804409
-1.40957
0.554702
0.660837
-1.52186
-0.155511
0.697536
-1.31727
0.704207
0.686542
-1.61632
0.0826898
0.619234
-1.34929
0.332645
0.462555
-1.37422
-0.0641035
0.927127
-1.47698
0.308295
-0.0427261
-1.31432
0.117392
0.437009
-1.41419
0.517975
0.698972
-1.49932
-0.200577
-0.0585281
-1.29032
0.128469
0.332902
-1.52284
-0.296073
0.710027
-1.63557
0.149621
0.200196
-1.3978
-0.386662
0.919508
-1.74568
0.306889
0.602444
-1.28132
0.17032
1.18685
-1.59808
0.0858953
0.822517
-1.40158
-0.167373
0.854546
-1.37416
0.358017
0.769942
-1.49382
-0.29715
1.40846
-1.82421
0.547701
0.836112
-1.55744
-0.220758
1.00912
-1.64594
0.147304
0.352211
-1.37526
0.321824
1.0682
-1.45258
-0.426606
0.961212
-1.33195
-0.0378371
0.742527
-1.44508
0.277052
0.830466
-1.49525
0.0106112
0.531116
-1.69352
-0.0382063
0.996484
-1.64526
0.124889
0.86965
-1.32965
0.155057
0.859178
-1.61903
-0.181498
0.774334
-1.54413
-0.106054
0.956307
-1.43808
0.129707
0.806041
-1.37606
0.306391
0.455855
-1.494
0.498532
0.726847
-1.54048
0.0499341
0.262058
-1.37116
0.0704041
0.437923
-1.30711
-0.445728
1.01719
-1.27718
0.370377
0.347939
-1.59397
0.532051
0.221227
-1.70957
-0.310128
0.923215
-1.32762
0.302562
0.456678
-1.36149
-0.253636
0.969337
-1.61246
0.187197
0.877563
-1.2986
-0.19455
0.86264
-1.57708
-0.0641618
1.08859
-1.5801
0.34188
0.228617
-1.6065
0.0996043
0.474743
-1.77028
0.0900462
0.504456
-1.27117
-0.0717627
1.01578
-1.34323
-0.00970204
0.988219
-1.59568
0.2231
0.752248
-1.4733
0.19508
0.588387
-1.43692
0.132939
0.578768
-1.68404
0.124911
0.240763
-1.47544
-0.0782213
1.08632
-1.86125
-0.977517
1.04959
-0.929818
-0.103599
0.580954
-1.42543
0.224214
0.892685
-1.56182
0.13395
0.635768
-1.37328
-0.107572
0.899043
-1.38286
-0.15763
0.657709
-1.68997
0.172278
0.396462
-1.51711
-0.0545574
1.27423
-1.90406
-0.299541
1.0876
-1.4646
0.0935527
1.1298
-1.62826
0.433318
0.528471
-1.56405
0.573416
0.805112
-1.54004
-0.296672
1.09154
-1.74703
-0.00042473
1.13059
-1.63879
0.207671
0.937644
-1.4583
-0.060008
0.566427
-1.56612
-0.157403
1.13389
-1.58032
0.160225
0.683416
-1.74348
-0.00117924
0.689522
-1.47354
-0.066913
0.815251
-1.58511
0.26467
0.81114
-1.45218
-0.0658051
1.0338
-1.59368
0.0724924
0.77013
-1.49661
-0.450212
1.23355
-1.50575
0.253245
0.817129
-1.33283
0.239347
0.826479
-1.59067
-0.0468683
0.352609
-1.26346
0.0433956
0.831568
-1.6369
0.179584
0.778009
-1.4598
0.380677
0.769933
-1.51286
-0.247888
0.939239
-1.72422
0.217928
0.33769
-1.38281
0.318381
0.547089
-1.51665
-0.785777
0.417832
-1.02492
0.0889285
0.250665
-1.5432
0.00205666
0.189989
-1.03303
0.136736
0.627491
-1.31671
-0.134277
0.714934
-1.43484
0.0622067
0.975093
-1.49916
0.0865812
0.738566
-1.3604
-0.325643
1.26012
-1.36352
-0.0541745
0.970305
-1.3512
-0.436243
0.83347
-1.52568
0.560741
0.488728
-1.34783
-0.342276
0.742222
-1.323
-0.0921467
0.495319
-1.11821
0.093221
0.370086
-1.71824
-0.132759
0.877394
-1.40197
0.396304
0.21497
-1.42568
0.350962
0.347504
-1.33035
-0.253848
0.915204
-1.83657
-0.637634
0.558284
-1.44771
-0.223338
0.928723
-1.75069
-0.436367
0.731327
-1.03531
-0.255072
1.19836
-1.53413
-0.123998
0.641919
-1.34171
-0.075468
0.929446
-1.33232
0.398031
0.959307
-1.61897
-0.0729746
1.06193
-1.5582
-0.703435
1.12878
-1.32156
0.170097
0.435548
-1.56676
-0.367176
1.4025
-1.58666
0.0781726
0.581819
-1.11233
0.328808
0.588718
-1.48976
0.286976
0.609803
-1.46532
-0.0359824
1.19302
-1.6459
-0.784474
0.271487
-0.395636
-0.0970668
0.749795
-1.47415
0.158341
0.744957
-1.19666
0.437083
0.546227
-1.48009
0.0703305
1.09667
-1.75795
0.0563176
0.645691
-1.53475
0.117948
0.45462
-1.55745
0.437827
0.898823
-1.47477
-0.480496
1.01628
-1.22667
0.146089
0.31641
-1.35743
-0.192408
0.367278
-1.28963
0.591178
0.0959069
-1.20044
0.35937
1.01116
-1.5581
0.0638009
1.23856
-1.59571
0.337104
0.587136
-1.61432
0.196013
0.833966
-1.82006
0.0181179
1.00769
-1.51176
0.285541
0.534893
-1.71443
0.117265
0.306182
-1.57809
0.275498
0.119393
-1.57504
0.308856
0.669529
-1.39597
0.0289856
0.948987
-1.64817
0.194392
0.59067
-1.52807
0.0516371
0.4171
-1.38982
0.153352
0.668566
-1.58566
0.214319
0.658355
-1.36807
-0.226867
0.983992
-1.57848
-0.073473
0.752868
-1.49204
0.172942
0.681431
-1.43811
0.34369
-0.534981
-1.24218
0.0878194
0.912225
-1.61449
-0.0858416
0.468429
-1.24313
-0.0350372
1.21674
-1.83869
-0.449967
0.984917
-1.75755
0.183284
0.790412
-1.57797
-0.0273885
1.26927
-1.67244
0.0550649
1.09196
-1.64401
0.399025
0.514743
-1.63588
0.141887
0.797383
-1.58464
0.421248
0.382261
-1.28005
0.0724013
0.737769
-1.52907
-0.491945
0.849288
-1.30576
0.0863439
1.14844
-1.51829
0.0159031
0.529295
-1.58275
-0.0346545
0.938452
-1.37539
-0.0394948
1.2186
-1.85001
0.483988
0.494319
-1.5779
0.459052
0.841945
-1.68271
0.120151
1.10423
-1.69979
0.208076
0.609549
-1.53573
-0.369316
0.544189
-1.21191
0.33051
0.83038
-1.56585
0.197757
0.544481
-1.55931
0.843519
-0.038918
-1.24497
-0.514322
1.3136
-1.63994
0.240151
1.00527
-1.44065
-0.480712
1.36745
-1.58402
-0.0862453
0.649318
-1.45868
0.350463
0.887845
-1.73645
-0.100221
0.926976
-1.49688
-0.258946
0.678705
-1.36085
-0.244311
1.2533
-1.63258
-0.0472184
0.994606
-1.59229
0.0602085
0.786884
-1.54788
-0.117902
0.706785
-1.44554
-0.0313447
1.10837
-1.61817
-0.230768
0.542335
-1.37529
0.30189
-0.0892065
-1.57661
0.0411582
0.71698
-1.49307
0.0523886
0.805984
-1.52221
0.33901
0.80752
-1.60025
0.110124
0.272068
-1.78957
-0.0543985
0.878433
-1.44709
0.172121
0.969929
-1.65382
0.111038
0.645857
-1.81619
0.492231
0.695956
-1.56886
0.269842
0.589226
-1.20425
-0.405966
1.06366
-1.74326
0.178777
-0.408103
-1.37137
0.210865
0.558337
-1.58096
0.478988
0.57871
-1.70256
0.155359
1.02419
-1.66097
-0.183549
0.643872
-1.74555
-0.210864
0.827871
-1.41237
0.275221
0.578016
-1.36173
-0.138684
0.789275
-1.45728
0.0534917
1.01418
-1.46805
0.0756012
1.00831
-1.59674
0.290908
0.76593
-1.58033
-0.0425789
0.975302
-1.48459
-0.0156893
1.23344
-1.59712
0.0246499
0.663637
-1.5233
0.419005
0.746296
-1.65379
0.161829
0.260717
-1.84319
-0.0788651
0.923445
-1.55108
-0.103148
0.861496
-1.29787
0.0635577
0.0406376
-1.58031
-0.426616
1.22732
-1.66435
0.290191
1.03455
-1.71882
0.397394
0.905721
-1.58287
0.031931
-0.435626
-1.22062
0.0217109
0.866411
-1.45043
0.274196
0.395097
-1.38725
0.145102
0.64607
-1.38333
0.0749513
0.830428
-1.61768
0.21448
0.644687
-1.47056
0.417975
0.475782
-1.55672
-0.310486
0.918801
-1.68988
-0.112835
1.10111
-1.73153
-0.0133335
1.18622
-1.71466
0.0381351
0.920943
-1.49506
0.1262
-0.023039
-1.41523
-0.190383
1.04211
-1.85258
0.0346102
1.08802
-1.51714
0.114405
0.794897
-1.51307
-0.12379
1.19728
-1.45578
0.314881
0.997485
-1.60411
0.0290902
0.967449
-1.57429
0.173444
0.759106
-1.57027
-0.114871
1.04679
-1.56057
0.485991
0.721147
-1.50844
-0.399903
1.16568
-1.53812
-0.320416
0.648845
-1.22627
-0.157831
0.693851
-1.58817
-0.588406
1.13159
-1.36523
-0.0188379
1.17624
-1.6257
0.187788
0.95984
-1.48355
0.435194
1.11636
-1.54005
0.305432
0.487086
-1.73568
-0.0767122
0.962801
-1.41593
0.282281
0.679559
-1.72568
-0.0318657
0.771886
-1.30875
0.0339251
0.836472
-1.91723
-0.273463
0.754788
-1.04281
-0.0603931
0.756868
-1.56622
0.185797
0.466714
-1.59688
0.201648
0.713236
-1.52623
-0.117212
0.86731
-1.58416
-0.588722
1.05425
-1.61354
0.0883244
0.372652
-1.77763
0.246283
0.676012
-1.4426
-0.188039
0.949869
-1.63251
0.314705
0.271607
-1.24458
-0.00175376
1.10231
-1.53748
0.0735711
0.206451
-1.07406
0.0322406
0.982403
-1.53851
0.618529
-0.0873523
-1.54047
-0.226738
1.28467
-1.60441
0.538268
0.883716
-1.49012
0.207642
0.673792
-1.5753
0.193568
0.824896
-1.62686
0.175528
0.190742
-1.44092
0.176995
0.789561
-1.42776
0.443014
0.517928
-1.36864
0.155139
0.357622
-1.46843
0.257397
0.989307
-1.58775
0.157441
0.459735
-1.39031
0.47626
0.600118
-1.3985
0.295179
0.733992
-1.44544
-0.136444
1.18062
-1.69741
0.0721377
0.846541
-1.72234
0.112378
0.660566
-1.69896
0.344098
0.577687
-1.44778
0.103193
0.770603
-1.60844
-0.241992
1.21178
-1.56443
-0.511195
1.25756
-1.41833
-0.00234364
0.474585
-1.66242
-0.407863
1.09375
-1.63829
0.0574543
0.841835
-1.57127
0.0195755
1.12549
-1.76194
-0.168044
1.338
-1.91489
-0.349755
0.804455
-1.60849
0.0789681
1.0514
-1.90866
-0.243311
0.999837
-1.52061
-0.0250154
0.739944
-1.31547
0.0877369
0.500785
-1.64375
-0.0889433
0.793804
-1.34462
-0.41553
1.10532
-1.49428
-0.581275
0.813247
-1.54326
-0.438497
0.977279
-1.33942
0.129819
0.592108
-1.56334
0.0604437
0.774138
-1.45655
0.246877
0.787163
-1.69503
-0.369942
0.643375
-1.4626
-0.167123
0.891093
-1.75467
0.433997
0.432543
-1.80832
-0.538713
0.234487
-1.17254
0.0238925
0.564876
-1.64222
-0.0178217
0.627778
-1.43333
0.255443
0.84808
-1.46783
0.229192
0.705778
-1.69886
0.143289
0.767317
-1.53634
0.0255147
0.652988
-1.31546
0.357586
0.766356
-1.4506
0.782151
0.0390826
-1.24649
0.137981
0.223009
-1.70349
0.441931
0.56371
-1.62568
-0.111306
0.75814
-1.78471
0.249094
0.752908
-1.59349
0.40095
0.497443
-1.24464
0.0354878
0.958286
-1.56984
0.065355
0.835366
-1.6797
0.550921
0.822601
-1.47923
0.302571
0.473779
-1.72241
-0.104001
0.958558
-1.52112
0.342007
0.701645
-1.56856
0.0902181
0.552947
-1.64383
0.0560299
0.815702
-1.84673
0.200747
0.414824
-1.53906
-0.142425
0.965239
-1.55641
0.211521
0.635789
-1.74955
0.109942
0.747891
-1.59866
-0.276396
0.939338
-1.48151
-0.104858
0.989482
-1.69412
0.0830117
1.07516
-1.93156
0.126821
0.778172
-1.46923
0.10698
0.975232
-1.75086
0.286525
0.556832
-1.54067
0.374421
-0.151481
-1.29878
0.164769
0.598272
-1.72982
0.00433348
0.265294
-1.40297
-0.00620784
0.603401
-1.61113
0.135582
0.649135
-1.63577
-0.126832
0.656897
-1.28467
0.0941464
0.744515
-1.60914
0.0426962
0.77538
-1.77963
0.0111553
0.779177
-1.49902
-0.184048
1.16717
-1.65525
0.217299
0.814405
-1.4691
0.0127344
1.22633
-1.78432
-0.268921
1.06939
-1.37342
0.121645
0.41519
-1.66926
-0.103163
0.462956
-1.46197
-0.34922
1.07743
-1.2704
0.0198979
0.72652
-1.57779
0.105709
0.9022
-1.53729
0.200044
0.706311
-1.27016
-0.604958
1.15631
-1.59273
0.318835
0.820132
-1.59084
-0.259751
1.19541
-1.63682
-0.0622914
0.814687
-1.69847
0.477374
0.229414
-1.73172
-0.460676
1.01752
-1.38169
0.27925
0.384789
-1.43879
0.682016
0.413056
-1.37898
0.0673512
0.689859
-1.34698
0.316257
0.895119
-1.60799
0.3511
0.7374
-1.60015
0.50102
0.76582
-1.67425
0.433384
0.306908
-1.58115
0.0825739
0.849716
-1.55801
-0.0106365
1.20569
-1.81692
0.103221
1.15881
-1.66706
0.240313
0.809983
-1.6108
0.0861477
1.03119
-1.6356
0.64304
0.571554
-1.55185
0.161138
0.759119
-1.63806
-0.12276
1.21032
-1.76132
0.171762
0.795467
-1.47689
-0.210588
1.16875
-1.56702
-0.052153
1.16454
-1.52848
-0.0114881
0.726658
-1.12049
0.0906983
1.09606
-1.66288
-0.131762
0.718196
-1.6324
-0.0511375
1.04824
-1.53589
-0.202142
0.923903
-1.68517
-0.304712
0.602954
-1.66452
-0.416389
0.927591
-1.29988
0.568115
0.818274
-1.46954
-0.0989925
0.967986
-1.53116
0.371837
0.737887
-1.44685
0.171907
0.648261
-1.61526
-0.197871
0.977567
-1.3635
-0.155382
0.540377
-1.63096
-0.197059
1.05495
-1.63542
0.285714
0.851675
-1.77696
-0.0156354
0.777703
-1.35801
0.58771
0.778331
-1.63214
0.206218
0.795042
-1.72626
0.505178
0.544856
-1.60817
-0.24869
1.15636
-1.64817
0.489075
0.557451
-1.55548
0.0260911
0.738762
-1.59506
0.0747685
0.492739
-1.72328
-0.0683222
0.725324
-1.26098
0.0321653
0.990175
-1.69616
-0.111998
1.1614
-1.62265
-0.258405
0.894152
-1.8291
0.441821
0.624704
-1.70937
0.167275
0.775879
-1.58247
-0.0112443
0.939699
-1.5934
-0.202635
1.30058
-1.69955
-0.349469
0.754642
-1.32701
0.46307
0.562111
-1.46533
0.122707
0.234536
-1.23478
-1.05977
1.15873
-1.16308
0.126805
1.02173
-1.61582
0.0601857
0.652847
-1.65354
-0.0533133
0.86474
-1.34907
0.190307
0.797378
-1.97706
-0.0855806
0.459806
-1.19413
-0.432379
1.03147
-1.57892
0.23176
0.57208
-1.53134
-0.346231
0.946885
-1.61544
0.0133036
1.06933
-1.43962
0.181033
-0.000135187
-1.44075
-0.125466
1.01713
-1.59773
0.38063
0.824761
-1.67824
-0.00462128
1.25969
-1.64771
-0.299966
1.29443
-1.54347
0.115256
0.562685
-1.78146
0.471562
0.81472
-1.35323
-0.0410649
0.77515
-1.55311
0.421112
0.746053
-1.44122
0.204648
0.157922
-1.49688
-0.198081
0.406403
-1.53841
-0.0491206
1.09055
-1.44778
0.0345819
0.920923
-1.41391
-0.434092
0.970292
-1.70164
0.373478
0.785439
-1.85689
0.0816679
0.891964
-1.30981
0.141378
1.26299
-1.49834
0.0971147
0.946794
-1.518
0.262423
0.839857
-1.62848
0.195951
0.598331
-1.45462
0.185939
1.12271
-1.71052
-0.0270368
0.495771
-1.19716
-0.149998
0.643647
-1.41909
-0.0602918
1.03935
-1.36141
0.257962
0.426967
-1.45837
-0.180508
1.01535
-1.58551
0.0841777
0.6884
-1.48732
-0.350684
1.16573
-1.39389
-0.133658
1.33623
-1.71706
-0.346208
1.35732
-1.6338
0.303993
0.736576
-1.54737
-0.113201
0.0176699
-1.2275
0.358728
0.291813
-1.28409
-0.0166124
1.18436
-1.64596
0.0761656
0.713145
-1.52861
-0.386799
0.520221
-1.24375
0.170093
0.896659
-1.64497
0.0970508
1.01178
-1.66292
-0.0564182
1.21115
-1.723
-0.0163556
1.04806
-1.7826
0.264942
0.802953
-1.6917
-0.0808869
0.764875
-1.62161
-0.0224646
0.840885
-1.51245
0.288977
0.766271
-1.43873
0.0712309
0.829851
-1.67805
0.52602
0.888527
-1.57317
0.289088
0.792824
-1.3973
0.699199
0.134078
-1.54957
0.0972604
0.665509
-1.56014
-0.485767
0.759593
-1.538
0.503882
0.699657
-1.52692
-0.146102
0.811068
-1.33387
0.109644
0.97795
-1.43807
0.306001
0.608507
-1.38438
0.0752162
0.999568
-1.60188
-0.168397
0.693814
-1.25876
-0.125492
1.45563
-1.59244
0.2999
0.747737
-1.32558
0.409256
0.754875
-1.60549
-0.0013047
0.460747
-1.43385
0.0835695
0.904725
-1.48582
-0.0265696
0.530622
-1.26725
0.28437
0.839226
-1.48378
-0.137533
0.940057
-1.5918
0.361845
0.957147
-1.64066
-0.0512246
0.566965
-1.50363
-0.158849
0.826619
-1.34052
0.133992
0.459086
-1.32915
0.238882
0.875934
-1.63737
-0.362696
1.07281
-1.45312
0.192051
0.842334
-1.38293
0.529305
0.684663
-1.48061
0.0797247
0.896678
-1.53716
-0.0427236
0.949841
-1.50336
-0.145385
0.790974
-1.47194
-0.0341891
0.253468
-1.24408
0.17756
1.18551
-1.65066
0.238216
0.657333
-1.3366
0.284387
0.959968
-1.67738
0.309733
1.00261
-1.49909
0.235782
1.01669
-1.58992
0.21884
0.637323
-1.46027
0.221586
0.294582
-1.63176
-0.0860679
0.189026
-1.46782
0.133212
0.557109
-1.6389
0.462933
0.465888
-1.50073
-0.0728489
0.885338
-1.46186
0.0526665
0.822951
-1.67157
0.117992
0.461319
-1.30443
0.0645089
0.761902
-1.67195
0.0300137
0.948063
-1.47241
0.543275
0.707894
-1.3498
0.360988
0.590888
-1.49657
0.075741
0.0408308
-1.02594
0.0733547
0.221545
-1.33643
