0.719063
-0.89982
-0.36201
-0.370151
-0.158584
-0.125353
-0.73122
1.00136
-1.07471
-0.598004
0.306075
-0.688894
-0.601527
0.886531
-1.1672
-0.0113326
0.39499
-1.1714
-0.347653
1.11696
-1.60456
0.0623794
0.138318
-1.30084
0.401713
0.031312
-1.51039
-0.741037
0.83418
-0.78609
-0.0629737
0.399323
-1.18789
-0.106899
1.1012
-1.72324
-0.142709
0.760487
-1.43593
0.213528
-0.00715281
-0.802435
0.205434
0.266588
-1.42384
0.151573
0.844402
-1.60587
0.202529
0.0263046
-1.36914
0.189469
0.815481
-1.38309
0.0197363
0.713002
-1.48981
0.0302976
0.901627
-1.48281
0.448969
-0.506363
-1.16904
0.28762
1.07778
-1.54202
0.509277
-0.334858
-1.36829
-0.748906
0.612211
-0.737473
0.127309
0.867801
-1.38335
-0.211652
0.865168
-1.37818
0.365733
0.359057
-1.62
-0.255143
0.873105
-1.50371
-0.0475033
0.668233
-1.53953
0.00947866
0.737288
-1.57341
0.305841
0.3091
-1.40472
-0.359033
1.06016
-1.43628
0.0311076
0.649886
-1.58727
0.307843
-0.406869
-1.34134
-0.22656
0.726708
-1.59939
-0.128044
0.758481
-1.75614
0.460579
0.445827
-1.64053
0.423979
0.913327
-1.57707
-0.242503
0.97425
-1.44223
0.249005
0.344394
-1.56289
0.0740004
0.264583
-1.38808
-0.218738
0.70551
-1.37939
-0.0576664
0.695826
-1.35403
-0.649079
1.05986
-1.33307
0.29463
0.676288
-1.56415
0.124152
0.854682
-1.52086
-0.032144
0.553661
-1.24296
-0.022151
0.740646
-1.45194
-0.0019625
0.640456
-1.34966
-0.374593
0.540776
-1.30454
-0.162135
0.494531
-1.2129
0.348491
0.668681
-1.48952
-0.243051
0.709731
-1.44234
-0.0935533
-0.169164
-1.03194
-0.371472
0.480941
-0.93316
-0.151595
0.539158
-0.891358
0.0495485
1.03818
-1.53817
-0.00705441
-0.141804
-1.06321
-0.0207593
1.20849
-1.65586
-0.198342
0.556493
-1.54258
-0.193175
0.236028
-1.17915
-0.0149502
0.575892
-1.35837
0.340238
0.342192
-1.57195
-0.123865
0.893647
-1.27167
0.362679
-0.0409284
-1.31474
0.20173
0.114825
-1.40304
-0.0530227
1.16255
-1.50536
-0.214624
0.89731
-1.62671
-0.249369
0.461973
-1.25179
0.21131
0.584641
-1.15335
-0.248412
0.721004
-1.35921
-0.0443556
0.734296
-1.54663
-0.0655237
0.833689
-1.5343
-0.444944
0.640079
-1.02372
-0.145939
0.624581
-1.40123
0.0859417
0.327047
-0.921047
-0.0301866
0.629076
-1.18029
0.0118862
0.786261
-1.59875
-0.0346416
0.586141
-1.27478
0.216926
0.246086
-1.15072
0.0526837
0.5715
-1.3389
0.0335619
0.231609
-1.34548
-0.188588
0.76688
-1.28094
0.253336
0.0318507
-1.26039
0.0699388
0.739422
-1.29127
0.224523
-0.562615
-1.38855
-0.408123
1.25696
-1.6056
-0.12585
0.600725
-1.54694
-0.228243
1.16002
-1.59196
0.0709826
0.726396
-1.19318
-0.0855301
1.00237
-1.31658
-0.0161939
0.764941
-1.48141
0.0597072
0.568301
-1.33653
0.0922281
-0.132322
-1.48281
0.326002
0.204591
-1.19625
-0.842924
1.19727
-1.34527
0.394251
0.69711
-1.34484
0.322246
0.153114
-1.34744
0.367393
1.05999
-1.73825
-0.39906
0.750046
-1.21838
-0.025169
0.548249
-1.649
0.330544
0.439222
-1.39034
-0.102542
1.21908
-1.77279
-0.10537
0.876301
-1.62701
0.441936
0.110717
-1.46955
0.0455108
0.413247
-1.55866
0.266271
0.196572
-1.10096
0.216003
0.459318
-1.62398
0.231194
0.810538
-1.24454
-0.262136
1.13614
-1.4643
0.0329303
1.10929
-1.52798
0.168524
0.0788311
-1.46865
0.549924
-0.263597
-0.979781
0.14063
0.479618
-1.42836
0.114717
0.899872
-1.49062
-0.00706662
0.328065
-1.73296
0.175579
1.10658
-1.49863
-0.0631444
0.630064
-1.45232
0.349983
0.0165414
-0.927357
0.348546
0.532741
-1.51754
-0.205953
1.3909
-1.601
0.26182
1.18236
-1.67704
-0.199277
0.894888
-1.64111
-0.394317
0.748614
-1.52941
0.187524
0.437577
-1.35407
-0.256546
0.848888
-1.31051
0.482317
0.0734809
-1.39144
0.246175
-0.172877
-1.27272
-0.749697
1.2449
-1.3188
-0.353642
1.29936
-1.50917
-0.162456
0.758518
-1.5379
0.0572373
0.882904
-1.37633
0.273418
0.42151
-1.41683
-0.199707
1.05672
-1.56634
0.0832776
0.716984
-1.25411
0.474995
-0.377238
-1.45052
-0.190071
1.34539
-1.54863
-0.277422
0.610158
-1.27517
0.0120734
1.17946
-1.78835
0.427033
0.241169
-1.40562
0.28223
0.869177
-1.45126
0.151445
0.841305
-1.4876
-0.249937
0.851768
-1.55796
0.0464103
0.839356
-1.46315
0.0582744
1.03534
-1.57353
0.370319
0.788665
-1.53834
-0.0999506
0.418014
-1.59379
0.0662612
0.867153
-1.51778
0.214654
1.13791
-1.67015
0.209772
0.709954
-1.50103
0.0673476
0.463666
-1.33659
-0.121461
0.610092
-1.44198
0.362767
0.423672
-1.54676
0.75258
-0.824146
-1.19879
0.357546
0.797955
-1.67472
0.220422
1.05635
-1.55481
0.191598
0.0213437
-1.67924
-0.106884
1.00054
-1.20227
-0.0736496
0.923572
-1.42124
0.324192
-0.0431801
-1.14844
0.0904489
0.581388
-1.06973
0.323614
1.24212
-1.58716
0.164362
0.698857
-1.60728
0.158051
0.507686
-1.43658
-0.365893
0.584812
-1.49587
-0.0286801
0.837684
-1.47093
-0.463267
0.808379
-1.23266
0.257393
0.551067
-1.33954
0.239162
0.772133
-1.51471
0.282967
-0.0148413
-1.60344
0.421176
-0.163908
-1.5359
-0.0434776
0.695679
-1.44594
-0.256566
0.491821
-1.20177
-0.00590553
0.735534
-1.51724
-0.0282725
0.639102
-0.899308
0.67267
-0.83253
-1.23228
0.124362
0.841706
-1.40165
0.483297
0.557446
-1.79881
-0.0254496
1.07134
-1.38474
-0.460258
0.474166
-1.39016
-0.089329
1.32088
-1.4332
-0.480503
1.44577
-1.73926
0.428974
0.146276
-1.63756
0.0458889
0.716153
-1.63373
0.0730601
0.958392
-1.36536
-0.00184839
0.686621
-1.54453
0.65456
0.497125
-1.44975
-0.404327
0.242495
-1.33615
-0.238291
1.17306
-1.50491
0.159247
0.716954
-1.27348
0.059306
0.905751
-1.58874
-0.27773
0.686065
-1.54485
0.320929
0.652529
-1.55517
-0.314083
1.32753
-1.23327
-0.447785
0.741103
-1.09765
0.112387
0.789569
-1.38054
-0.183104
1.14323
-1.36539
0.0665778
0.716964
-1.45727
-0.28108
1.16009
-1.5816
-0.0247499
0.930661
-1.64166
0.132879
0.847779
-1.37874
0.109884
0.693101
-1.41969
0.160661
0.0592565
-1.27917
0.495496
0.297889
-1.35736
0.036009
1.13853
-1.62894
-0.352448
1.03042
-1.54432
0.157465
0.442463
-1.03564
0.353084
0.252128
-0.955071
0.114662
0.217108
-1.23753
0.259827
0.699758
-1.4167
-4.34004e-07
0.730921
-1.57052
-0.00654207
0.748469
-1.43575
0.0670293
0.584547
-1.2671
0.177692
0.868572
-1.5132
-0.283061
0.767222
-1.21944
0.190563
0.360047
-1.34932
0.198799
0.911992
-1.50642
-0.0842109
0.88999
-1.53985
0.398015
0.900636
-1.49244
-0.248637
0.529739
-1.47907
0.405194
0.876312
-1.44381
-0.0397158
0.991975
-1.33666
0.101624
0.939979
-1.7124
0.324139
0.919967
-1.34458
-0.540924
0.570904
-1.39544
0.0679708
0.175029
-1.35374
0.300837
0.728821
-1.42321
0.120897
0.342651
-1.41317
-0.161373
-0.245589
-0.593874
-0.390847
0.862211
-1.68377
-0.0919182
1.24693
-1.53064
0.00426046
0.645076
-1.13757
-0.122726
0.671082
-1.13801
0.175494
0.458566
-1.50122
-0.152164
1.11913
-1.58861
0.135563
0.166557
-1.18823
-0.145976
0.924254
-1.59811
-0.0741229
0.646147
-1.38357
0.507592
0.719076
-1.5672
-0.469615
1.37004
-1.46794
-0.0967533
1.0323
-1.57968
0.422899
0.617234
-1.1933
0.173343
0.415086
-1.61841
0.491903
0.548615
-1.38353
-0.167755
0.409267
-1.15383
-0.221231
0.379239
-1.30507
0.0266408
0.399663
-1.47904
0.0609935
0.940645
-1.88676
-0.233149
0.892355
-1.74039
-0.353186
0.655177
-1.24556
0.0370098
0.801426
-1.53159
0.209304
0.536756
-1.50926
0.403228
0.269659
-1.72288
0.0521876
0.474057
-1.62983
0.564038
0.748716
-1.48717
-0.285118
0.485382
-1.37709
-0.276731
0.883213
-1.46877
0.154744
0.518821
-1.47105
0.293484
0.774085
-1.5714
0.00801168
0.983193
-1.53093
0.224211
0.663636
-1.39782
0.126384
0.576458
-1.38141
-0.231398
1.17818
-1.39799
-0.218209
0.856943
-1.45934
0.217792
0.501308
-1.56217
0.182791
0.280997
-1.23715
0.0618228
0.894945
-1.58685
0.0218884
0.624289
-1.43973
0.0564175
0.819943
-1.57069
-0.14106
0.956758
-1.25494
0.529383
0.823384
-1.60516
-0.198458
0.802393
-1.43357
0.149582
0.96891
-1.4117
-0.480008
0.935884
-1.35856
0.343819
0.662313
-1.36953
0.335613
0.404232
-1.34543
0.11533
0.922147
-1.48431
0.237464
0.70904
-1.86748
-0.10683
1.37653
-1.59234
0.346673
-0.617394
-1.0307
0.276978
0.431383
-1.59636
-0.0612148
0.697735
-1.62723
0.129745
0.551565
-1.4873
0.0623189
0.877385
-1.50281
0.0202654
0.634288
-1.71309
-0.138549
0.848329
-1.62585
-0.0460328
0.724191
-1.23083
0.177315
0.955201
-1.58562
-0.0659799
0.831221
-1.49316
0.439902
0.297883
-1.56708
-0.415417
0.929184
-1.49493
-0.41321
1.19855
-1.54611
-0.00201728
0.592782
-1.52637
0.0425055
0.816302
-1.49283
-0.127569
0.297602
-1.28838
0.0305785
0.341321
-1.29573
-0.0780389
0.900966
-1.66062
-0.220215
1.07439
-1.59258
0.358017
0.26805
-1.7151
-0.213386
1.14886
-1.50511
-0.108816
0.695578
-1.00971
0.492581
0.664605
-1.55946
0.167844
0.918568
-1.32666
0.0838485
0.601414
-1.36084
-0.543605
1.26139
-1.41791
0.200066
0.577051
-1.40334
0.293305
-0.108892
-1.50455
-0.929976
1.2987
-1.09947
-0.247034
0.824557
-1.42872
-0.106909
0.826089
-1.54951
-0.336193
0.954734
-1.66028
0.298713
0.910819
-1.61495
-0.106084
0.67974
-1.71393
-0.255693
0.207214
-1.35336
-0.0222109
0.85221
-1.4975
0.115332
0.964492
-1.57341
0.153703
0.721182
-1.51678
-0.108378
1.24507
-1.66544
-0.0806338
1.05358
-1.46792
-0.0788704
1.10491
-1.62213
-0.15187
0.953005
-1.51271
-0.115531
0.939854
-1.49622
0.165114
0.341823
-1.66716
0.0011601
0.483835
-1.26368
0.125717
0.27511
-1.46542
0.0542391
0.785122
-1.41098
-0.0172114
0.351457
-1.63802
-0.221124
1.04658
-1.49705
-0.100512
1.19004
-1.52674
-0.225958
0.604025
-1.42524
-0.225992
1.24058
-1.67019
0.0263961
0.614257
-1.452
0.276589
0.391965
-1.47196
0.186725
0.908671
-1.4745
0.165892
0.521698
-1.41766
-0.319028
1.0519
-1.5322
0.00840781
0.846132
-1.56673
-0.0280386
0.855313
-1.56334
0.256567
-0.0781228
-1.47615
-0.130833
0.529597
-1.56125
-0.0417691
0.581353
-1.4582
0.0995487
0.827716
-1.49913
-0.114615
1.03046
-1.51099
-0.0683576
0.322337
-1.36136
0.00870623
0.912455
-1.52854
0.0231762
1.01075
-1.70488
0.163447
0.679902
-1.72011
0.200697
-0.0682352
-1.40847
0.288584
0.440354
-1.58049
-0.00396951
0.985164
-1.55123
-0.201192
0.898654
-1.73628
-0.0319548
0.811878
-1.61188
0.0781783
-0.347281
-1.27445
-0.208137
0.678348
-1.51224
-0.00875957
0.749703
-1.52808
0.170901
0.345844
-1.6104
-0.1901
0.940369
-1.41571
0.231947
0.166916
-1.31827
-0.0272529
0.340166
-1.17691
-0.0753721
0.957477
-1.47017
-0.032179
0.922891
-1.45705
0.0644522
0.761041
-1.38827
0.46881
0.653485
-1.47661
-0.320949
1.24608
-1.53096
0.138979
0.686209
-1.41972
0.0614199
1.09861
-1.38115
-0.0530746
0.757278
-1.53538
-0.503589
0.935956
-1.37669
0.459723
0.665737
-1.47968
0.014752
1.05185
-1.57285
0.205994
0.962344
-1.61088
-0.0853504
0.652461
-1.67717
0.223695
0.514708
-1.58908
-0.147249
0.675727
-1.47466
-0.0313477
1.10118
-1.7437
0.00316278
0.907724
-1.46849
0.370998
-0.0278706
-1.47118
0.121345
0.454567
-1.31836
0.0505612
0.74239
-1.65519
0.205751
0.494049
-1.52092
0.0661549
0.781385
-1.59384
-0.0547086
0.779112
-1.67854
0.261676
0.686052
-1.48123
0.139988
0.540444
-1.36122
0.621099
-0.158199
-1.31212
0.0796656
0.79503
-1.43934
-0.00714739
-0.424441
-1.29116
0.447583
0.653403
-1.613
-0.195102
0.918201
-1.29463
0.503503
0.798093
-1.62325
0.187568
0.206934
-1.46629
0.0861304
0.597581
-1.57743
0.113277
1.20651
-1.72094
0.365216
0.372111
-1.23555
0.176674
0.764772
-1.29676
-0.0591591
0.862441
-1.57718
-0.0224103
1.33254
-1.60528
-0.17007
0.438177
-1.6329
0.0803358
0.798326
-1.10058
-0.356784
1.04624
-1.55055
-0.0834632
1.03842
-1.70181
-0.282105
1.15724
-1.71318
-0.0577336
0.726477
-1.67981
-0.661725
1.24531
-1.37568
0.266241
1.10221
-1.67432
0.239143
0.542008
-1.41551
-0.070366
0.932128
-1.54239
0.0591898
0.558257
-1.41458
0.476671
0.811544
-1.59778
-0.14297
0.84449
-1.64855
0.649116
0.487401
-1.59921
0.315337
1.14316
-1.70217
-0.196321
0.384151
-1.07594
0.254394
0.762856
-1.54531
0.0751895
0.539262
-1.54482
0.26822
0.729344
-1.2065
-0.257398
0.805036
-1.6343
0.177629
0.231462
-1.54129
0.572609
0.593758
-1.5066
0.120268
0.81469
-1.45713
0.00976853
0.537813
-1.59965
0.177835
0.643679
-1.42994
-0.0543398
0.68752
-1.54515
-0.0111509
0.543733
-1.66045
0.0305
0.598141
-1.40482
0.134233
1.10491
-1.71445
0.113945
0.317168
-1.32904
-0.287292
0.8749
-1.56906
-0.198269
0.235433
-1.39768
-0.283153
0.709617
-1.31518
0.230551
0.6523
-1.44007
0.443995
0.806571
-1.55088
0.172788
0.824049
-1.34338
-0.0377481
0.880759
-1.77222
0.201266
0.947342
-1.65174
0.403863
0.606201
-1.44534
0.0655896
0.565054
-1.35727
0.0154555
1.04497
-1.29335
0.718609
0.681315
-1.52567
0.163146
0.787422
-1.17505
-0.0984569
0.88387
-1.60911
0.427905
0.571355
-1.40423
-0.112031
0.515316
-1.23815
0.346109
0.904312
-1.30391
0.178678
0.17859
-1.4684
0.226332
1.08535
-1.69814
-0.00449257
0.702664
-1.41283
0.315168
0.856903
-1.47834
0.040585
1.01692
-1.70902
0.560981
0.168412
-0.854118
-0.070356
0.850858
-1.44007
-0.212604
1.02285
-1.62468
0.166134
0.759873
-1.55751
0.145866
0.951922
-1.60936
0.0146719
0.62569
-1.34309
0.174568
0.676086
-1.55325
-0.196894
0.907194
-1.45005
0.183513
-0.507886
-1.3839
-0.0248916
0.254292
-1.20476
-0.31313
0.660101
-1.39257
0.0946453
0.618418
-1.55318
0.177587
0.828977
-1.61841
0.304262
0.393723
-1.33608
0.0486283
0.0841047
-1.7181
0.501908
0.342359
-1.76162
-0.329018
0.059135
-1.31229
-0.188562
0.756376
-1.56801
0.0287254
0.742801
-1.44647
-0.342436
0.970359
-1.39107
0.239019
0.597272
-1.37701
-0.215792
1.15439
-1.53482
0.198575
0.433348
-1.24699
-0.373767
0.205834
-1.07206
-0.0210374
0.969494
-1.51216
0.453656
0.247582
-1.43011
0.0883915
0.822744
-1.66083
-0.355279
0.80441
-1.40957
0.554702
0.660836
-1.52186
-0.15551
0.697537
-1.31727
0.704207
0.686542
-1.61632
0.0826899
0.619235
-1.34929
0.332644
0.462555
-1.37422
-0.0641036
0.927127
-1.47698
0.308295
-0.0427266
-1.31432
0.117391
0.437009
-1.41419
0.517975
0.698973
-1.49933
-0.200576
-0.0585282
-1.29032
0.128469
0.332901
-1.52284
-0.296073
0.710027
-1.63557
0.149622
0.200195
-1.3978
-0.386655
0.919514
-1.74568
0.30689
0.602443
-1.28132
0.17032
1.18685
-1.59808
0.0858956
0.822517
-1.40158
-0.167373
0.854547
-1.37416
0.358017
0.769942
-1.49383
-0.29715
1.40846
-1.82421
0.547702
0.836112
-1.55744
-0.220758
1.00912
-1.64594
0.147303
0.352211
-1.37525
0.321824
1.0682
-1.45258
-0.426607
0.961212
-1.33195
-0.0378371
0.742527
-1.44508
0.277052
0.830465
-1.49525
0.010611
0.531116
-1.69351
-0.0382058
0.996484
-1.64526
0.12489
0.869649
-1.32965
0.155058
0.859178
-1.61903
-0.181499
0.774334
-1.54413
-0.106054
0.956307
-1.43808
0.129707
0.806042
-1.37606
0.306391
0.455856
-1.494
0.498532
0.726847
-1.54048
0.0499348
0.262057
-1.37116
0.0704068
0.437921
-1.30712
-0.445729
1.01719
-1.27718
0.370378
0.347939
-1.59397
0.532051
0.221227
-1.70957
-0.310128
0.923214
-1.32762
0.302562
0.456678
-1.36149
-0.253636
0.969337
-1.61246
0.187197
0.877563
-1.2986
-0.19455
0.862639
-1.57708
-0.0641611
1.08859
-1.5801
0.341881
0.228617
-1.6065
0.0996041
0.474743
-1.77028
0.0900464
0.504456
-1.27117
-0.0717622
1.01578
-1.34323
-0.00970201
0.988219
-1.59568
0.2231
0.752247
-1.4733
0.19508
0.588386
-1.43692
0.132939
0.578769
-1.68404
0.124911
0.240763
-1.47544
-0.0782209
1.08632
-1.86125
-0.977517
1.04959
-0.929819
-0.103599
0.580954
-1.42543
0.224216
0.892684
-1.56182
0.13395
0.635769
-1.37328
-0.107572
0.899043
-1.38286
-0.157631
0.65771
-1.68997
0.172278
0.396462
-1.51711
-0.0545608
1.27423
-1.90406
-0.299542
1.0876
-1.4646
0.093552
1.1298
-1.62826
0.433318
0.528471
-1.56405
0.573416
0.805112
-1.54004
-0.296671
1.09154
-1.74702
-0.000424163
1.13059
-1.63879
0.207672
0.937644
-1.4583
-0.060008
0.566427
-1.56612
-0.157404
1.13389
-1.58032
0.160226
0.683416
-1.74348
-0.00117891
0.689522
-1.47354
-0.0669138
0.815252
-1.58511
0.26467
0.811141
-1.45219
-0.0658047
1.0338
-1.59368
0.0724934
0.770129
-1.49661
-0.450212
1.23355
-1.50575
0.253245
0.81713
-1.33283
0.239347
0.826479
-1.59067
-0.0468681
0.352608
-1.26346
0.0433946
0.831569
-1.6369
0.179584
0.778009
-1.4598
0.380676
0.769933
-1.51286
-0.247889
0.939239
-1.72422
0.217927
0.337691
-1.38281
0.318381
0.54709
-1.51665
-0.785777
0.417833
-1.02493
0.0889287
0.250666
-1.5432
0.00205625
0.189989
-1.03303
0.136736
0.627491
-1.31671
-0.134278
0.714935
-1.43484
0.0622068
0.975094
-1.49916
0.0865817
0.738566
-1.3604
-0.325643
1.26012
-1.36352
-0.0541749
0.970305
-1.3512
-0.436243
0.833468
-1.52568
0.560741
0.488728
-1.34783
-0.342274
0.742219
-1.323
-0.0921467
0.495321
-1.11821
0.093221
0.370086
-1.71824
-0.132759
0.877394
-1.40197
0.396304
0.21497
-1.42568
0.350962
0.347505
-1.33035
-0.253848
0.915204
-1.83657
-0.637635
0.558284
-1.44771
-0.223339
0.928723
-1.75069
-0.436366
0.731328
-1.03531
-0.255072
1.19836
-1.53413
-0.123999
0.64192
-1.34171
-0.0754718
0.929444
-1.33231
0.398031
0.959306
-1.61897
-0.0729748
1.06193
-1.5582
-0.703435
1.12878
-1.32156
0.170098
0.435548
-1.56676
-0.367177
1.4025
-1.58666
0.0781728
0.581819
-1.11233
0.328807
0.588718
-1.48976
0.286976
0.609803
-1.46532
-0.0359826
1.19302
-1.6459
-0.784474
0.271487
-0.395637
-0.0970665
0.749795
-1.47415
0.158342
0.744957
-1.19666
0.437083
0.546227
-1.48009
0.0703305
1.09667
-1.75795
0.0563176
0.64569
-1.53475
0.117948
0.45462
-1.55745
0.437827
0.898824
-1.47477
-0.480498
1.01628
-1.22667
0.146088
0.31641
-1.35743
-0.192409
0.367279
-1.28963
0.591178
0.0959072
-1.20044
0.35937
1.01116
-1.5581
0.0638004
1.23856
-1.59571
0.337105
0.587137
-1.61432
0.196012
0.833966
-1.82006
0.018118
1.00769
-1.51176
0.28554
0.534893
-1.71443
0.117265
0.306183
-1.57809
0.275498
0.119394
-1.57504
0.308856
0.669529
-1.39597
0.0289857
0.948988
-1.64817
0.194392
0.59067
-1.52807
0.0516367
0.417101
-1.38982
0.153353
0.668567
-1.58566
0.214319
0.658355
-1.36807
-0.226867
0.983992
-1.57848
-0.0734728
0.752868
-1.49204
0.172942
0.681431
-1.43811
0.343689
-0.53498
-1.24218
0.0878187
0.912225
-1.61449
-0.0858417
0.468429
-1.24313
-0.0350371
1.21674
-1.83869
-0.449968
0.984917
-1.75755
0.183283
0.790412
-1.57797
-0.0273886
1.26927
-1.67244
0.0550653
1.09196
-1.64401
0.399025
0.514743
-1.63588
0.141887
0.797382
-1.58464
0.421249
0.382261
-1.28005
0.0724014
0.737769
-1.52907
-0.491946
0.849288
-1.30576
0.0863439
1.14844
-1.51829
0.015903
0.529296
-1.58275
-0.0346543
0.938452
-1.37539
-0.0394947
1.2186
-1.85001
0.483988
0.494321
-1.5779
0.459052
0.841945
-1.68271
0.120151
1.10423
-1.69979
0.208076
0.60955
-1.53573
-0.369315
0.54419
-1.21191
0.330511
0.83038
-1.56585
0.197757
0.544481
-1.55931
0.84352
-0.0389189
-1.24497
-0.514322
1.3136
-1.63994
0.240151
1.00527
-1.44065
-0.480712
1.36745
-1.58402
-0.0862441
0.649319
-1.45868
0.350463
0.887846
-1.73645
-0.100221
0.926976
-1.49688
-0.258946
0.678705
-1.36085
-0.24431
1.2533
-1.63258
-0.0472188
0.994607
-1.59229
0.0602087
0.786883
-1.54788
-0.117902
0.706785
-1.44554
-0.0313448
1.10837
-1.61817
-0.230768
0.542336
-1.37529
0.301889
-0.0892071
-1.57661
0.0411577
0.716981
-1.49307
0.0523886
0.805985
-1.52221
0.339009
0.80752
-1.60025
0.110122
0.272068
-1.78957
-0.054398
0.878433
-1.44709
0.172121
0.969929
-1.65382
0.111037
0.645858
-1.81619
0.492231
0.695956
-1.56886
0.269841
0.589226
-1.20425
-0.405966
1.06366
-1.74326
0.178777
-0.408103
-1.37137
0.210865
0.558336
-1.58096
0.478989
0.57871
-1.70256
0.155359
1.02419
-1.66097
-0.183549
0.643872
-1.74555
-0.210864
0.82787
-1.41237
0.275221
0.578015
-1.36173
-0.138682
0.789276
-1.45728
0.0534915
1.01418
-1.46805
0.0756015
1.0083
-1.59674
0.290909
0.76593
-1.58033
-0.0425791
0.975303
-1.48459
-0.015689
1.23344
-1.59712
0.0246492
0.663637
-1.5233
0.419005
0.746296
-1.65379
0.16183
0.260717
-1.84319
-0.078865
0.923445
-1.55108
-0.10315
0.861497
-1.29787
0.0635578
0.0406379
-1.58031
-0.426616
1.22732
-1.66435
0.290192
1.03455
-1.71882
0.397394
0.905721
-1.58287
0.0319295
-0.435626
-1.22062
0.0217107
0.86641
-1.45043
0.274196
0.395098
-1.38725
0.145102
0.64607
-1.38333
0.0749509
0.830429
-1.61768
0.21448
0.644687
-1.47056
0.417976
0.475782
-1.55672
-0.310486
0.918802
-1.68988
-0.112834
1.10111
-1.73153
-0.0133331
1.18622
-1.71466
0.0381352
0.920942
-1.49506
0.1262
-0.0230394
-1.41523
-0.190383
1.04211
-1.85258
0.034611
1.08802
-1.51714
0.114405
0.794897
-1.51307
-0.12379
1.19728
-1.45578
0.314881
0.997486
-1.60411
0.0290903
0.96745
-1.57429
0.173444
0.759106
-1.57027
-0.114871
1.04679
-1.56057
0.485991
0.721147
-1.50844
-0.399903
1.16568
-1.53812
-0.320415
0.648844
-1.22627
-0.157829
0.693847
-1.58817
-0.588406
1.13159
-1.36523
-0.0188368
1.17623
-1.6257
0.187788
0.95984
-1.48355
0.435194
1.11636
-1.54005
0.305433
0.487086
-1.73568
-0.0767131
0.962802
-1.41593
0.28228
0.67956
-1.72568
-0.0318653
0.771885
-1.30875
0.0339242
0.836473
-1.91723
-0.273464
0.754788
-1.04281
-0.0603927
0.756868
-1.56622
0.185797
0.466714
-1.59688
0.201649
0.713236
-1.52623
-0.117212
0.867311
-1.58416
-0.588723
1.05425
-1.61354
0.0883246
0.372652
-1.77763
0.246282
0.676011
-1.4426
-0.188039
0.949869
-1.63251
0.314705
0.271606
-1.24458
-0.00175427
1.10231
-1.53748
0.0735753
0.206452
-1.07406
0.0322409
0.982403
-1.53851
0.618529
-0.0873531
-1.54047
-0.226738
1.28467
-1.6044
0.538268
0.883716
-1.49012
0.207642
0.673792
-1.5753
0.19357
0.824898
-1.62686
0.175528
0.190743
-1.44092
0.176994
0.789561
-1.42776
0.443014
0.517928
-1.36864
0.155137
0.357621
-1.46843
0.257397
0.989306
-1.58775
0.157441
0.459735
-1.39031
0.47626
0.600118
-1.3985
0.295178
0.733991
-1.44544
-0.136444
1.18062
-1.69741
0.0721372
0.846541
-1.72234
0.112378
0.660566
-1.69896
0.344098
0.577688
-1.44778
0.103194
0.770603
-1.60844
-0.241992
1.21177
-1.56442
-0.511196
1.25756
-1.41833
-0.00234311
0.474585
-1.66242
-0.407861
1.09375
-1.63828
0.0574543
0.841835
-1.57127
0.0195752
1.12549
-1.76194
-0.168044
1.338
-1.91489
-0.349754
0.804457
-1.60849
0.0789687
1.05141
-1.90866
-0.24331
0.999837
-1.52061
-0.0250151
0.739944
-1.31547
0.0877367
0.500786
-1.64375
-0.0889411
0.793805
-1.34462
-0.415532
1.10532
-1.49428
-0.581275
0.813247
-1.54326
-0.438497
0.977281
-1.33942
0.129819
0.592108
-1.56334
0.0604434
0.774138
-1.45655
0.246877
0.787164
-1.69503
-0.369941
0.643375
-1.4626
-0.167125
0.891094
-1.75467
0.433997
0.432543
-1.80832
-0.538716
0.234485
-1.17254
0.0238922
0.564877
-1.64222
-0.0178216
0.627778
-1.43333
0.255443
0.84808
-1.46783
0.229192
0.705778
-1.69886
0.143288
0.767317
-1.53634
0.0255148
0.652988
-1.31546
0.357586
0.766356
-1.4506
0.782151
0.0390832
-1.24649
0.137981
0.223009
-1.70349
0.441932
0.56371
-1.62568
-0.111307
0.758141
-1.78471
0.249094
0.752908
-1.59349
0.40095
0.497442
-1.24464
0.0354879
0.958286
-1.56984
0.0653543
0.835367
-1.6797
0.55092
0.822602
-1.47923
0.302571
0.473779
-1.72241
-0.104
0.958558
-1.52112
0.342008
0.701645
-1.56856
0.0902175
0.552948
-1.64383
0.0560297
0.815702
-1.84673
0.200746
0.414823
-1.53906
-0.142425
0.965239
-1.55641
0.211521
0.635789
-1.74955
0.109942
0.747891
-1.59866
-0.276396
0.939339
-1.48151
-0.104858
0.989482
-1.69412
0.0830117
1.07516
-1.93156
0.126822
0.778172
-1.46923
0.106979
0.975232
-1.75086
0.286525
0.556832
-1.54067
0.37442
-0.15148
-1.29878
0.164768
0.598273
-1.72982
0.00433378
0.265294
-1.40297
-0.00620751
0.603401
-1.61113
0.135582
0.649136
-1.63577
-0.126832
0.656896
-1.28467
0.0941467
0.744514
-1.60914
0.042696
0.775379
-1.77963
0.0111555
0.779177
-1.49902
-0.184048
1.16717
-1.65525
0.217299
0.814405
-1.4691
0.0127336
1.22633
-1.78432
-0.268918
1.06939
-1.37342
0.121645
0.415189
-1.66926
-0.103163
0.462956
-1.46197
-0.349225
1.07742
-1.2704
0.0198984
0.72652
-1.57779
0.105708
0.9022
-1.53729
0.200045
0.706311
-1.27016
-0.604958
1.15631
-1.59273
0.318835
0.820131
-1.59084
-0.259751
1.19541
-1.63682
-0.0622914
0.814687
-1.69847
0.477374
0.229414
-1.73172
-0.460675
1.01752
-1.38169
0.27925
0.384789
-1.4388
0.682016
0.413057
-1.37898
0.0673408
0.689867
-1.34699
0.316258
0.895119
-1.60799
0.3511
0.737401
-1.60015
0.50102
0.76582
-1.67425
0.433384
0.306908
-1.58115
0.0825747
0.849716
-1.55801
-0.0106357
1.20569
-1.81692
0.103221
1.15881
-1.66706
0.240312
0.809982
-1.6108
0.0861479
1.03119
-1.6356
0.64304
0.571554
-1.55185
0.161138
0.759119
-1.63806
-0.122761
1.21032
-1.76132
0.171762
0.795466
-1.47689
-0.210588
1.16875
-1.56702
-0.0521526
1.16454
-1.52848
-0.0114882
0.726659
-1.12049
0.0906985
1.09606
-1.66288
-0.131762
0.718196
-1.6324
-0.0511382
1.04824
-1.53589
-0.202142
0.923903
-1.68517
-0.304712
0.602954
-1.66452
-0.416387
0.927589
-1.29987
0.568115
0.818273
-1.46954
-0.0989928
0.967986
-1.53116
0.371837
0.737887
-1.44685
0.171908
0.648261
-1.61526
-0.197871
0.977567
-1.36349
-0.155381
0.540376
-1.63096
-0.197059
1.05495
-1.63542
0.285714
0.851675
-1.77696
-0.0156351
0.777703
-1.35801
0.58771
0.778331
-1.63214
0.206217
0.79504
-1.72626
0.505177
0.544857
-1.60817
-0.24869
1.15636
-1.64817
0.489075
0.55745
-1.55548
0.0260908
0.738763
-1.59506
0.0747681
0.492739
-1.72328
-0.0683218
0.725323
-1.26098
0.0321649
0.990175
-1.69616
-0.111999
1.1614
-1.62265
-0.258405
0.894153
-1.8291
0.441821
0.624704
-1.70937
0.167275
0.77588
-1.58247
-0.0112446
0.9397
-1.5934
-0.202634
1.30058
-1.69955
-0.349471
0.754642
-1.32701
0.46307
0.562111
-1.46533
0.122709
0.234534
-1.23478
-1.05977
1.15873
-1.16308
0.126804
1.02173
-1.61582
0.060186
0.652846
-1.65354
-0.0533133
0.86474
-1.34907
0.190307
0.79738
-1.97706
-0.0855781
0.459805
-1.19413
-0.432379
1.03147
-1.57892
0.231761
0.57208
-1.53134
-0.346232
0.946885
-1.61544
0.0133038
1.06933
-1.43962
0.181033
-0.000135627
-1.44075
-0.125466
1.01713
-1.59773
0.380631
0.824759
-1.67824
-0.00462081
1.25969
-1.64771
-0.299967
1.29443
-1.54347
0.115256
0.562686
-1.78147
0.471561
0.814719
-1.35323
-0.0410636
0.775149
-1.55311
0.421112
0.746053
-1.44122
0.204648
0.157923
-1.49688
-0.198081
0.406403
-1.53841
-0.0491199
1.09055
-1.44778
0.0345818
0.920922
-1.41391
-0.434093
0.970292
-1.70164
0.373478
0.785439
-1.85689
0.0816676
0.891965
-1.30981
0.141378
1.26299
-1.49834
0.0971143
0.946794
-1.518
0.262424
0.839857
-1.62848
0.195951
0.598331
-1.45462
0.18594
1.12271
-1.71052
-0.0270374
0.495771
-1.19716
-0.149998
0.643647
-1.41909
-0.0602912
1.03936
-1.36141
0.257962
0.426967
-1.45837
-0.180509
1.01535
-1.58551
0.0841772
0.6884
-1.48732
-0.350686
1.16573
-1.39389
-0.133658
1.33623
-1.71706
-0.346208
1.35732
-1.6338
0.303994
0.736576
-1.54737
-0.113202
0.0176702
-1.2275
0.358728
0.291813
-1.28409
-0.0166123
1.18436
-1.64596
0.0761667
0.713145
-1.5286
-0.386798
0.52022
-1.24375
0.170094
0.896659
-1.64497
0.0970507
1.01179
-1.66292
-0.0564184
1.21115
-1.723
-0.016354
1.04806
-1.7826
0.264942
0.802953
-1.6917
-0.0808869
0.764876
-1.62161
-0.0224646
0.840886
-1.51245
0.288977
0.766271
-1.43873
0.0712316
0.829849
-1.67805
0.52602
0.888528
-1.57317
0.289088
0.792825
-1.3973
0.699199
0.134078
-1.54957
0.0972613
0.665507
-1.56014
-0.485768
0.759592
-1.538
0.503882
0.699657
-1.52692
-0.146102
0.811068
-1.33387
0.109644
0.97795
-1.43807
0.306002
0.608507
-1.38438
0.0752162
0.999568
-1.60188
-0.168397
0.693815
-1.25876
-0.125492
1.45563
-1.59244
0.299899
0.747738
-1.32558
0.409256
0.754875
-1.60549
-0.00130452
0.460748
-1.43385
0.0835687
0.904726
-1.48582
-0.0265694
0.530622
-1.26725
0.284369
0.839226
-1.48378
-0.137533
0.940057
-1.5918
0.361845
0.957148
-1.64066
-0.0512251
0.566964
-1.50363
-0.158848
0.82662
-1.34052
0.133991
0.459086
-1.32915
0.238881
0.875934
-1.63737
-0.362696
1.07281
-1.45312
0.192052
0.842333
-1.38293
0.529305
0.684664
-1.48061
0.0797242
0.896679
-1.53716
-0.0427213
0.949842
-1.50336
-0.145384
0.790974
-1.47194
-0.0341852
0.253474
-1.24409
0.17756
1.18551
-1.65066
0.238216
0.657333
-1.3366
0.284386
0.959968
-1.67738
0.309733
1.00261
-1.49909
0.235782
1.01669
-1.58992
0.21884
0.637322
-1.46027
0.221586
0.294581
-1.63176
-0.0860763
0.189021
-1.46782
0.133213
0.557108
-1.6389
0.462934
0.465889
-1.50073
-0.0728491
0.885339
-1.46186
0.0526661
0.822951
-1.67157
0.117993
0.461321
-1.30443
0.0645088
0.761902
-1.67195
0.0300135
0.948063
-1.47241
0.543274
0.707894
-1.3498
0.360988
0.590888
-1.49657
0.0757391
0.040832
-1.02595
0.073355
0.221545
-1.33643
