0.719063
-0.89982
-0.362011
-0.370151
-0.158583
-0.125355
-0.73122
1.00136
-1.07471
-0.598005
0.306076
-0.688894
-0.601528
0.886533
-1.16721
-0.0113311
0.394991
-1.1714
-0.347655
1.11696
-1.60456
0.0623793
0.138319
-1.30084
0.401714
0.0313088
-1.51038
-0.741038
0.83418
-0.78609
-0.0629719
0.399325
-1.18789
-0.106898
1.10121
-1.72324
-0.142708
0.760487
-1.43594
0.21353
-0.00715679
-0.802432
0.205433
0.266592
-1.42384
0.151575
0.844401
-1.60587
0.202528
0.026305
-1.36914
0.18947
0.815481
-1.38309
0.0197377
0.713004
-1.48981
0.0302971
0.901628
-1.48281
0.448968
-0.506362
-1.16903
0.287622
1.07778
-1.54202
0.509279
-0.334862
-1.36828
-0.748907
0.612212
-0.737474
0.127309
0.867805
-1.38335
-0.211653
0.865169
-1.37818
0.365733
0.359057
-1.62
-0.255144
0.873106
-1.50371
-0.0475027
0.668234
-1.53953
0.00948096
0.737287
-1.57341
0.305842
0.309099
-1.40471
-0.359035
1.06016
-1.43628
0.0311124
0.649882
-1.58728
0.307841
-0.406866
-1.34134
-0.226559
0.726708
-1.59939
-0.128043
0.758481
-1.75614
0.460581
0.445825
-1.64053
0.42398
0.913326
-1.57707
-0.242503
0.97425
-1.44223
0.249006
0.344393
-1.56289
0.0740019
0.264584
-1.38808
-0.218733
0.705508
-1.37939
-0.0576671
0.695825
-1.35403
-0.649079
1.05986
-1.33307
0.294629
0.676288
-1.56415
0.124154
0.854682
-1.52086
-0.0321439
0.55366
-1.24296
-0.022157
0.740648
-1.45194
-0.00196232
0.640456
-1.34966
-0.374592
0.540775
-1.30454
-0.162135
0.494533
-1.2129
0.348491
0.668683
-1.48952
-0.243051
0.709731
-1.44234
-0.0935525
-0.169166
-1.03194
-0.371469
0.48094
-0.933158
-0.151602
0.539161
-0.891359
0.0495424
1.03818
-1.53816
-0.00705113
-0.141806
-1.06321
-0.0207587
1.20849
-1.65586
-0.198342
0.556491
-1.54258
-0.193174
0.236029
-1.17915
-0.0149501
0.575891
-1.35837
0.340239
0.342193
-1.57195
-0.123865
0.893646
-1.27167
0.362681
-0.0409286
-1.31474
0.201729
0.114827
-1.40304
-0.0530228
1.16255
-1.50536
-0.214623
0.897312
-1.62671
-0.249368
0.461972
-1.25179
0.211311
0.58464
-1.15335
-0.248412
0.721004
-1.35921
-0.0443547
0.734296
-1.54663
-0.0655238
0.833689
-1.5343
-0.444946
0.64008
-1.02372
-0.145939
0.624579
-1.40123
0.0859423
0.327048
-0.921048
-0.0301865
0.629076
-1.18029
0.0118862
0.786259
-1.59875
-0.0346409
0.586141
-1.27478
0.216924
0.246085
-1.15072
0.0526831
0.571501
-1.3389
0.033562
0.231607
-1.34548
-0.188588
0.76688
-1.28094
0.253336
0.0318527
-1.26039
0.0699409
0.739419
-1.29127
0.224524
-0.562615
-1.38854
-0.408124
1.25696
-1.6056
-0.12585
0.600725
-1.54694
-0.228243
1.16001
-1.59195
0.0709835
0.726396
-1.19318
-0.0855297
1.00237
-1.31658
-0.0161936
0.76494
-1.48141
0.0597072
0.568301
-1.33653
0.0922273
-0.13232
-1.48281
0.326003
0.204591
-1.19625
-0.842922
1.19727
-1.34528
0.394251
0.697112
-1.34484
0.322245
0.153115
-1.34744
0.367393
1.05999
-1.73825
-0.39906
0.750046
-1.21838
-0.0251695
0.548248
-1.649
0.330544
0.439221
-1.39034
-0.102541
1.21908
-1.77279
-0.105369
0.876301
-1.62701
0.441936
0.110717
-1.46955
0.0455174
0.413249
-1.55866
0.266272
0.196571
-1.10096
0.216004
0.459317
-1.62398
0.231196
0.810539
-1.24453
-0.262135
1.13614
-1.4643
0.032932
1.10929
-1.52798
0.168523
0.0788329
-1.46865
0.549924
-0.263597
-0.979781
0.140629
0.479619
-1.42836
0.114718
0.899874
-1.49062
-0.00706663
0.328064
-1.73296
0.17558
1.10658
-1.49863
-0.0631444
0.630064
-1.45233
0.349984
0.0165427
-0.927359
0.348545
0.532742
-1.51754
-0.205954
1.3909
-1.601
0.261822
1.18236
-1.67704
-0.199276
0.894888
-1.64111
-0.394316
0.748614
-1.52942
0.187524
0.437577
-1.35407
-0.256546
0.848887
-1.31051
0.482316
0.07348
-1.39144
0.246176
-0.172878
-1.27272
-0.749697
1.2449
-1.3188
-0.353641
1.29936
-1.50917
-0.162455
0.758518
-1.5379
0.0572366
0.882904
-1.37633
0.273417
0.421511
-1.41683
-0.199705
1.05672
-1.56634
0.083277
0.716984
-1.25411
0.474995
-0.377238
-1.45052
-0.19007
1.34539
-1.54863
-0.277423
0.610158
-1.27517
0.0120738
1.17946
-1.78835
0.427033
0.24117
-1.40562
0.28223
0.869177
-1.45126
0.151445
0.841305
-1.4876
-0.249937
0.851768
-1.55796
0.0464117
0.839357
-1.46315
0.0582755
1.03534
-1.57353
0.370321
0.788665
-1.53834
-0.0999482
0.418016
-1.5938
0.0662622
0.867153
-1.51778
0.214656
1.13791
-1.67015
0.209771
0.709954
-1.50103
0.0673473
0.463666
-1.33659
-0.121462
0.610092
-1.44198
0.362767
0.423672
-1.54676
0.752584
-0.824147
-1.1988
0.357546
0.797954
-1.67472
0.220421
1.05635
-1.55481
0.191598
0.0213454
-1.67924
-0.106883
1.00054
-1.20227
-0.0736496
0.923573
-1.42124
0.324192
-0.043181
-1.14843
0.0904495
0.581389
-1.06973
0.323614
1.24212
-1.58716
0.164366
0.698855
-1.60728
0.158053
0.507693
-1.43657
-0.365893
0.584814
-1.49587
-0.0286785
0.837684
-1.47093
-0.463268
0.808381
-1.23266
0.257393
0.551069
-1.33954
0.239163
0.772132
-1.51471
0.282967
-0.0148419
-1.60344
0.421179
-0.163915
-1.5359
-0.0434775
0.69568
-1.44594
-0.256565
0.491819
-1.20177
-0.00590288
0.735533
-1.51724
-0.0282735
0.639108
-0.89931
0.67267
-0.832531
-1.23228
0.124361
0.841708
-1.40164
0.483298
0.557445
-1.79881
-0.0254496
1.07134
-1.38474
-0.460258
0.474165
-1.39016
-0.0893302
1.32088
-1.4332
-0.480504
1.44577
-1.73926
0.428973
0.146278
-1.63756
0.0458907
0.716151
-1.63373
0.0730595
0.958392
-1.36536
-0.00184936
0.68662
-1.54453
0.654562
0.497126
-1.44975
-0.404326
0.242502
-1.33615
-0.238291
1.17306
-1.50491
0.159248
0.716953
-1.27348
0.0593066
0.905751
-1.58874
-0.277731
0.686065
-1.54485
0.32093
0.652528
-1.55517
-0.314082
1.32753
-1.23327
-0.447787
0.741101
-1.09765
0.112387
0.78957
-1.38054
-0.183104
1.14323
-1.36539
0.0665759
0.716968
-1.45727
-0.281081
1.16009
-1.5816
-0.0247444
0.930661
-1.64167
0.13288
0.847777
-1.37874
0.109889
0.693105
-1.4197
0.160659
0.0592577
-1.27917
0.495496
0.297888
-1.35736
0.0360087
1.13853
-1.62894
-0.352448
1.03042
-1.54432
0.157465
0.442462
-1.03564
0.353084
0.252129
-0.955072
0.114661
0.21711
-1.23753
0.259827
0.699758
-1.4167
-7.27596e-12
0.73092
-1.57052
-0.00654357
0.74847
-1.43575
0.0670298
0.584548
-1.2671
0.177693
0.868571
-1.5132
-0.283061
0.76722
-1.21944
0.190564
0.360046
-1.34932
0.198798
0.911992
-1.50642
-0.0842118
0.889992
-1.53985
0.398016
0.900636
-1.49244
-0.248638
0.529739
-1.47907
0.405198
0.876313
-1.44381
-0.0397174
0.991975
-1.33666
0.101623
0.939978
-1.7124
0.324139
0.919969
-1.34458
-0.540927
0.570906
-1.39543
0.0679707
0.175032
-1.35374
0.300837
0.728821
-1.42321
0.120898
0.342651
-1.41317
-0.161372
-0.245591
-0.593872
-0.390847
0.862212
-1.68377
-0.0919186
1.24693
-1.53064
0.00426024
0.645077
-1.13757
-0.122733
0.671086
-1.13802
0.175496
0.458568
-1.50122
-0.152163
1.11913
-1.58861
0.135565
0.166555
-1.18823
-0.145975
0.924253
-1.59811
-0.0741235
0.646149
-1.38357
0.507592
0.719075
-1.5672
-0.469616
1.37004
-1.46794
-0.0967544
1.0323
-1.57968
0.422898
0.617234
-1.1933
0.173343
0.415087
-1.61841
0.491903
0.548615
-1.38353
-0.167752
0.409276
-1.15383
-0.221234
0.379241
-1.30507
0.0266467
0.399662
-1.47903
0.0609937
0.940647
-1.88676
-0.233148
0.892354
-1.74039
-0.353186
0.655178
-1.24556
0.0370107
0.801425
-1.53159
0.209304
0.536757
-1.50926
0.403228
0.269659
-1.72288
0.0521877
0.474055
-1.62983
0.564039
0.748716
-1.48717
-0.285115
0.485383
-1.37709
-0.276733
0.883213
-1.46876
0.154744
0.518822
-1.47105
0.293483
0.774086
-1.5714
0.00801245
0.983193
-1.53093
0.22421
0.663637
-1.39782
0.126384
0.576458
-1.38141
-0.231398
1.17818
-1.39799
-0.21821
0.856944
-1.45934
0.217792
0.501308
-1.56217
0.182793
0.280996
-1.23715
0.0618216
0.894946
-1.58685
0.0218875
0.624291
-1.43972
0.0564183
0.819944
-1.57069
-0.14106
0.956758
-1.25494
0.529384
0.823383
-1.60516
-0.198457
0.802393
-1.43357
0.149582
0.96891
-1.4117
-0.480006
0.935884
-1.35856
0.343818
0.662316
-1.36953
0.335634
0.404233
-1.34542
0.115329
0.922149
-1.48431
0.237465
0.709039
-1.86748
-0.106831
1.37653
-1.59234
0.346672
-0.617394
-1.0307
0.276978
0.431384
-1.59636
-0.0612144
0.697735
-1.62723
0.129745
0.551565
-1.48731
0.0623195
0.877383
-1.50281
0.0202663
0.634287
-1.71309
-0.138548
0.848329
-1.62585
-0.0460335
0.724191
-1.23083
0.177315
0.9552
-1.58562
-0.065979
0.83122
-1.49316
0.439903
0.297882
-1.56708
-0.415415
0.929184
-1.49493
-0.41321
1.19855
-1.54611
-0.00201772
0.592783
-1.52637
0.0425058
0.816302
-1.49283
-0.127568
0.2976
-1.28838
0.0305786
0.34132
-1.29573
-0.078036
0.900965
-1.66062
-0.220214
1.07439
-1.59258
0.358017
0.268051
-1.7151
-0.213386
1.14886
-1.50511
-0.108816
0.695577
-1.00971
0.492581
0.664605
-1.55946
0.167846
0.918562
-1.32666
0.0838481
0.601416
-1.36084
-0.5436
1.26139
-1.41791
0.200065
0.577051
-1.40334
0.293305
-0.108891
-1.50455
-0.929975
1.2987
-1.09947
-0.247034
0.824556
-1.42872
-0.106908
0.826089
-1.54951
-0.336193
0.954734
-1.66027
0.298714
0.91082
-1.61495
-0.106082
0.67974
-1.71393
-0.2557
0.20721
-1.35336
-0.0222106
0.852211
-1.4975
0.115332
0.964493
-1.57341
0.153705
0.721179
-1.51678
-0.108377
1.24506
-1.66544
-0.0806331
1.05358
-1.46792
-0.0788698
1.1049
-1.62213
-0.151869
0.953004
-1.51271
-0.11553
0.939854
-1.49622
0.165113
0.341824
-1.66716
0.00115995
0.483836
-1.26368
0.125715
0.27511
-1.46542
0.0542385
0.785123
-1.41098
-0.0172117
0.351458
-1.63802
-0.221123
1.04658
-1.49705
-0.100512
1.19004
-1.52674
-0.225959
0.604026
-1.42524
-0.225988
1.24058
-1.67019
0.0263953
0.614258
-1.452
0.276589
0.391965
-1.47196
0.186726
0.908672
-1.4745
0.165892
0.521697
-1.41766
-0.319026
1.0519
-1.5322
0.00840724
0.846133
-1.56673
-0.028039
0.855313
-1.56334
0.256567
-0.078122
-1.47615
-0.130832
0.529597
-1.56125
-0.0417711
0.581355
-1.4582
0.0995492
0.827717
-1.49913
-0.114615
1.03046
-1.51099
-0.0683575
0.322337
-1.36136
0.00870748
0.912454
-1.52854
0.0231783
1.01075
-1.70488
0.16344
0.679881
-1.7201
0.200697
-0.0682356
-1.40847
0.288582
0.440356
-1.58049
-0.00396975
0.985163
-1.55123
-0.201192
0.898654
-1.73628
-0.031954
0.811879
-1.61188
0.0781778
-0.34728
-1.27445
-0.208137
0.67835
-1.51224
-0.00875935
0.749704
-1.52808
0.170901
0.345844
-1.6104
-0.190099
0.940368
-1.41571
0.231946
0.166916
-1.31827
-0.027253
0.340166
-1.17691
-0.0753722
0.957478
-1.47017
-0.0321784
0.92289
-1.45705
0.0644525
0.76104
-1.38827
0.468811
0.653484
-1.47661
-0.320948
1.24608
-1.53096
0.138978
0.68621
-1.41972
0.0614194
1.09861
-1.38115
-0.0530741
0.757278
-1.53538
-0.503589
0.935957
-1.37669
0.459724
0.665736
-1.47968
0.014752
1.05185
-1.57285
0.205994
0.962344
-1.61088
-0.0853503
0.65246
-1.67717
0.223695
0.514708
-1.58908
-0.147249
0.675727
-1.47466
-0.0313477
1.10118
-1.7437
0.00316267
0.907724
-1.46849
0.370998
-0.0278688
-1.47118
0.121345
0.454566
-1.31836
0.0505604
0.74239
-1.65519
0.205752
0.494049
-1.52092
0.066155
0.781385
-1.59384
-0.0547091
0.779113
-1.67854
0.261675
0.686053
-1.48123
0.139988
0.540444
-1.36122
0.621101
-0.1582
-1.31212
0.0796659
0.79503
-1.43934
-0.0071474
-0.424441
-1.29116
0.447583
0.653402
-1.613
-0.195103
0.918202
-1.29463
0.503503
0.798093
-1.62325
0.187568
0.206934
-1.46629
0.0861298
0.597581
-1.57743
0.113277
1.20651
-1.72094
0.365208
0.372115
-1.23556
0.176678
0.764771
-1.29676
-0.0591583
0.862439
-1.57718
-0.0224116
1.33254
-1.60528
-0.17007
0.438177
-1.6329
0.0803352
0.798328
-1.10058
-0.356785
1.04624
-1.55055
-0.0834638
1.03842
-1.70181
-0.282103
1.15725
-1.71318
-0.0577342
0.726478
-1.67981
-0.661723
1.24531
-1.37568
0.266242
1.10221
-1.67432
0.239144
0.542008
-1.41551
-0.0703662
0.932128
-1.54238
0.0591888
0.558257
-1.41458
0.47667
0.811545
-1.59778
-0.14297
0.844491
-1.64856
0.649116
0.487402
-1.59921
0.315337
1.14316
-1.70217
-0.196321
0.384153
-1.07594
0.254395
0.762856
-1.54531
0.0751895
0.53926
-1.54482
0.26822
0.729346
-1.2065
-0.257398
0.805034
-1.6343
0.177629
0.231461
-1.54129
0.572611
0.593758
-1.50661
0.120269
0.81469
-1.45713
0.00976887
0.537814
-1.59965
0.177837
0.643681
-1.42994
-0.0543393
0.68752
-1.54515
-0.0111504
0.543732
-1.66045
0.0305005
0.598141
-1.40482
0.134235
1.10491
-1.71445
0.113945
0.317167
-1.32904
-0.287292
0.8749
-1.56906
-0.198269
0.235435
-1.39768
-0.283154
0.70962
-1.31518
0.230551
0.6523
-1.44007
0.443996
0.80657
-1.55087
0.172789
0.824049
-1.34338
-0.0377473
0.880759
-1.77222
0.201265
0.947342
-1.65174
0.403864
0.6062
-1.44534
0.0655889
0.565054
-1.35727
0.0154559
1.04497
-1.29335
0.718609
0.681315
-1.52567
0.163148
0.787423
-1.17505
-0.0984571
0.883871
-1.60911
0.427905
0.571353
-1.40423
-0.112026
0.515303
-1.23816
0.34611
0.904313
-1.30391
0.178679
0.17859
-1.4684
0.226331
1.08535
-1.69814
-0.00449303
0.702665
-1.41283
0.315166
0.856904
-1.47834
0.0405834
1.01692
-1.70902
0.560981
0.168413
-0.854119
-0.0703556
0.850858
-1.44007
-0.212605
1.02285
-1.62468
0.166133
0.759873
-1.55751
0.145868
0.951921
-1.60936
0.0146711
0.625692
-1.34309
0.174566
0.676088
-1.55325
-0.196894
0.907195
-1.45005
0.183513
-0.507886
-1.3839
-0.0248906
0.254291
-1.20476
-0.31313
0.660102
-1.39257
0.0946432
0.618418
-1.55318
0.177587
0.828977
-1.61841
0.304263
0.393725
-1.33608
0.0486287
0.0841056
-1.7181
0.501906
0.342357
-1.76162
-0.329019
0.0591334
-1.31229
-0.188562
0.756377
-1.56801
0.028726
0.742801
-1.44647
-0.342437
0.970359
-1.39107
0.239019
0.597272
-1.37701
-0.215792
1.15439
-1.53482
0.198575
0.433348
-1.24699
-0.373769
0.205832
-1.07206
-0.0210374
0.969494
-1.51216
0.453656
0.247583
-1.43011
0.0883917
0.822744
-1.66083
-0.355268
0.804417
-1.40957
0.554704
0.660836
-1.52186
-0.15551
0.697534
-1.31727
0.704207
0.686542
-1.61632
0.0826892
0.619236
-1.34929
0.332646
0.462555
-1.37422
-0.0641032
0.927126
-1.47698
0.308295
-0.042726
-1.31432
0.117393
0.437007
-1.41419
0.517975
0.698973
-1.49933
-0.200574
-0.0585296
-1.29032
0.128468
0.332902
-1.52284
-0.296071
0.710027
-1.63557
0.149621
0.200195
-1.3978
-0.386652
0.919516
-1.74568
0.306889
0.602444
-1.28132
0.17032
1.18685
-1.59808
0.085895
0.822518
-1.40158
-0.167372
0.854547
-1.37416
0.358018
0.769942
-1.49382
-0.297152
1.40846
-1.82421
0.547701
0.836114
-1.55744
-0.220758
1.00912
-1.64594
0.147303
0.352211
-1.37526
0.321825
1.0682
-1.45258
-0.426605
0.96121
-1.33195
-0.0378371
0.742527
-1.44508
0.277052
0.830465
-1.49525
0.0106122
0.531115
-1.69351
-0.0382057
0.996484
-1.64526
0.124889
0.86965
-1.32965
0.155059
0.859179
-1.61903
-0.1815
0.774334
-1.54413
-0.106053
0.956307
-1.43808
0.129708
0.806044
-1.37606
0.306391
0.455857
-1.494
0.498533
0.726846
-1.54048
0.0499344
0.262057
-1.37116
0.0704024
0.437923
-1.30711
-0.445727
1.01719
-1.27718
0.370376
0.347941
-1.59397
0.532052
0.221227
-1.70957
-0.310127
0.923213
-1.32762
0.302563
0.456677
-1.36149
-0.253636
0.969336
-1.61246
0.187198
0.877562
-1.2986
-0.19455
0.86264
-1.57708
-0.0641619
1.08859
-1.5801
0.34188
0.228618
-1.6065
0.0996041
0.474744
-1.77028
0.090047
0.504455
-1.27117
-0.071762
1.01578
-1.34323
-0.00970094
0.988219
-1.59568
0.2231
0.752248
-1.4733
0.19508
0.588386
-1.43692
0.132939
0.57877
-1.68404
0.124912
0.240763
-1.47544
-0.0782202
1.08632
-1.86125
-0.977518
1.04959
-0.929818
-0.1036
0.580955
-1.42543
0.224213
0.892686
-1.56182
0.13395
0.635769
-1.37328
-0.107572
0.899044
-1.38286
-0.157631
0.657709
-1.68997
0.172278
0.396462
-1.5171
-0.0545568
1.27423
-1.90406
-0.299544
1.0876
-1.4646
0.0935531
1.1298
-1.62826
0.433319
0.52847
-1.56405
0.573416
0.805112
-1.54004
-0.29667
1.09154
-1.74702
-0.00042548
1.13059
-1.63879
0.207671
0.937645
-1.4583
-0.0600077
0.566427
-1.56612
-0.157405
1.13389
-1.58032
0.160226
0.683416
-1.74348
-0.00117892
0.689523
-1.47354
-0.0669134
0.815253
-1.58511
0.264671
0.811138
-1.45218
-0.0658044
1.0338
-1.59368
0.072493
0.770131
-1.49661
-0.450213
1.23355
-1.50575
0.253245
0.817131
-1.33284
0.239348
0.826479
-1.59067
-0.0468678
0.352608
-1.26346
0.0433955
0.831568
-1.6369
0.179585
0.778009
-1.4598
0.380678
0.769934
-1.51286
-0.247887
0.939238
-1.72422
0.217927
0.337692
-1.38281
0.318382
0.547089
-1.51665
-0.785777
0.41783
-1.02492
0.0889283
0.250664
-1.5432
0.00203857
0.189987
-1.03295
0.136736
0.62749
-1.31671
-0.134276
0.714932
-1.43484
0.0622067
0.975094
-1.49916
0.0865806
0.738568
-1.3604
-0.325644
1.26012
-1.36352
-0.0541735
0.970305
-1.3512
-0.436242
0.833471
-1.52569
0.56074
0.488728
-1.34783
-0.342277
0.74223
-1.32301
-0.0921465
0.495321
-1.11821
0.0932206
0.370088
-1.71824
-0.13276
0.877395
-1.40197
0.396304
0.21497
-1.42568
0.350962
0.347504
-1.33035
-0.253847
0.915206
-1.83657
-0.637634
0.558284
-1.44771
-0.223338
0.928722
-1.75069
-0.436367
0.731326
-1.03531
-0.255072
1.19836
-1.53413
-0.123999
0.641923
-1.34171
-0.0754725
0.929445
-1.33231
0.398032
0.959307
-1.61897
-0.0729728
1.06193
-1.5582
-0.703435
1.12878
-1.32156
0.170098
0.435548
-1.56676
-0.367174
1.4025
-1.58666
0.0781734
0.581819
-1.11233
0.328807
0.588717
-1.48976
0.286976
0.609802
-1.46532
-0.0359829
1.19302
-1.6459
-0.784473
0.271485
-0.395636
-0.0970673
0.749796
-1.47415
0.158341
0.744958
-1.19666
0.437084
0.546227
-1.48009
0.0703323
1.09667
-1.75795
0.0563188
0.645691
-1.53475
0.117949
0.454619
-1.55746
0.437828
0.898823
-1.47477
-0.480496
1.01628
-1.22667
0.146089
0.31641
-1.35743
-0.19241
0.367274
-1.28962
0.591179
0.0959082
-1.20044
0.359372
1.01116
-1.5581
0.0638018
1.23856
-1.59571
0.337107
0.587137
-1.61432
0.196014
0.833964
-1.82006
0.0181193
1.00769
-1.51176
0.285539
0.534892
-1.71443
0.117265
0.306186
-1.57809
0.275498
0.119394
-1.57504
0.308856
0.669528
-1.39597
0.0289852
0.948988
-1.64817
0.194391
0.590666
-1.52806
0.0516361
0.417101
-1.38982
0.153353
0.668567
-1.58566
0.214318
0.658355
-1.36807
-0.226867
0.983992
-1.57848
-0.0734724
0.752867
-1.49204
0.172942
0.681432
-1.43811
0.34369
-0.53498
-1.24218
0.0878195
0.912225
-1.61449
-0.0858415
0.468429
-1.24313
-0.035037
1.21674
-1.83869
-0.449966
0.984917
-1.75755
0.183283
0.790411
-1.57797
-0.0273886
1.26927
-1.67244
0.0550662
1.09196
-1.64401
0.399026
0.514744
-1.63588
0.141888
0.797382
-1.58464
0.421249
0.382259
-1.28005
0.0724009
0.737769
-1.52907
-0.491944
0.849289
-1.30576
0.0863437
1.14844
-1.51829
0.0159017
0.529298
-1.58275
-0.0346546
0.938454
-1.37539
-0.0394951
1.2186
-1.85001
0.483989
0.494318
-1.5779
0.459055
0.841943
-1.68271
0.120152
1.10423
-1.69979
0.208078
0.609547
-1.53573
-0.36932
0.544186
-1.21191
0.33051
0.83038
-1.56585
0.197758
0.544483
-1.55931
0.843519
-0.0389189
-1.24497
-0.514318
1.31359
-1.63994
0.240151
1.00527
-1.44065
-0.480712
1.36745
-1.58402
-0.0862459
0.649314
-1.45868
0.350463
0.887844
-1.73645
-0.10022
0.926974
-1.49688
-0.258946
0.678706
-1.36085
-0.24431
1.2533
-1.63258
-0.0472185
0.994607
-1.59229
0.0602089
0.786883
-1.54788
-0.117903
0.706785
-1.44554
-0.0313444
1.10837
-1.61817
-0.230768
0.542335
-1.37529
0.301889
-0.0892067
-1.57661
0.0411561
0.716982
-1.49307
0.0523888
0.805985
-1.52221
0.33901
0.807519
-1.60025
0.110125
0.272069
-1.78957
-0.0543996
0.878434
-1.44709
0.172122
0.969929
-1.65382
0.111037
0.64586
-1.81619
0.492232
0.695956
-1.56886
0.269842
0.589226
-1.20425
-0.405968
1.06366
-1.74325
0.178776
-0.408102
-1.37137
0.210866
0.558335
-1.58096
0.478989
0.57871
-1.70256
0.155361
1.02419
-1.66097
-0.18355
0.643873
-1.74556
-0.210864
0.82787
-1.41237
0.275221
0.578015
-1.36173
-0.138679
0.789279
-1.45728
0.0534916
1.01418
-1.46805
0.0756039
1.0083
-1.59673
0.290908
0.765931
-1.58033
-0.042579
0.975304
-1.48459
-0.0156878
1.23344
-1.59712
0.0246502
0.663637
-1.5233
0.419005
0.746295
-1.65379
0.161829
0.260718
-1.84319
-0.0788657
0.923446
-1.55108
-0.103146
0.861495
-1.29787
0.0635574
0.0406379
-1.58031
-0.426616
1.22732
-1.66435
0.290192
1.03455
-1.71882
0.397394
0.905721
-1.58287
0.0319274
-0.435623
-1.22062
0.0217111
0.866412
-1.45043
0.274197
0.395097
-1.38725
0.145104
0.64607
-1.38333
0.0749517
0.830428
-1.61768
0.21448
0.644686
-1.47056
0.417976
0.475783
-1.55672
-0.310484
0.9188
-1.68988
-0.112834
1.10111
-1.73153
-0.0133336
1.18622
-1.71466
0.0381354
0.920942
-1.49506
0.1262
-0.0230402
-1.41523
-0.190383
1.04211
-1.85258
0.0346101
1.08802
-1.51714
0.114406
0.794897
-1.51307
-0.12379
1.19728
-1.45578
0.314879
0.997486
-1.60411
0.0290903
0.96745
-1.57429
0.173443
0.759106
-1.57027
-0.114869
1.04679
-1.56057
0.485992
0.721147
-1.50844
-0.399903
1.16569
-1.53812
-0.320416
0.648846
-1.22627
-0.157831
0.693849
-1.58817
-0.588406
1.13159
-1.36523
-0.0188377
1.17624
-1.6257
0.187788
0.959839
-1.48355
0.435193
1.11636
-1.54005
0.305433
0.487087
-1.73568
-0.0767143
0.962804
-1.41593
0.282281
0.679559
-1.72568
-0.0318647
0.771886
-1.30875
0.033926
0.83647
-1.91723
-0.273463
0.754788
-1.04281
-0.0603925
0.756871
-1.56622
0.185797
0.466716
-1.59688
0.201649
0.713236
-1.52623
-0.117212
0.867311
-1.58416
-0.588719
1.05425
-1.61354
0.0883236
0.372652
-1.77763
0.246281
0.676012
-1.4426
-0.18804
0.949871
-1.63252
0.314706
0.271606
-1.24458
-0.00175341
1.10231
-1.53749
0.0735675
0.206454
-1.07406
0.0322404
0.982404
-1.53851
0.618529
-0.0873505
-1.54047
-0.226737
1.28467
-1.60441
0.538269
0.883715
-1.49012
0.207643
0.673792
-1.5753
0.193569
0.824897
-1.62686
0.175528
0.190743
-1.44092
0.176994
0.789561
-1.42776
0.443015
0.517927
-1.36864
0.155139
0.357622
-1.46843
0.257397
0.989307
-1.58775
0.157441
0.459735
-1.39031
0.47626
0.600119
-1.3985
0.295179
0.733991
-1.44544
-0.136444
1.18062
-1.69741
0.0721374
0.846541
-1.72234
0.112379
0.660566
-1.69896
0.344099
0.577688
-1.44778
0.103193
0.770603
-1.60844
-0.241993
1.21178
-1.56443
-0.511195
1.25756
-1.41833
-0.00234486
0.474585
-1.66242
-0.407866
1.09375
-1.63828
0.0574563
0.841834
-1.57128
0.0195742
1.12549
-1.76195
-0.168044
1.338
-1.91489
-0.349751
0.804459
-1.6085
0.0789696
1.05139
-1.90866
-0.24331
0.999839
-1.52061
-0.0250164
0.739944
-1.31547
0.087737
0.500786
-1.64375
-0.0889387
0.793806
-1.34462
-0.41553
1.10532
-1.49428
-0.581276
0.813246
-1.54325
-0.438496
0.97728
-1.33942
0.129819
0.592109
-1.56334
0.0604439
0.774138
-1.45655
0.246876
0.787164
-1.69503
-0.369939
0.643374
-1.4626
-0.167123
0.891092
-1.75467
0.433997
0.432544
-1.80832
-0.538707
0.234489
-1.17254
0.0238921
0.564878
-1.64222
-0.0178224
0.62778
-1.43333
0.255444
0.84808
-1.46783
0.229193
0.705778
-1.69886
0.143289
0.767318
-1.53634
0.0255136
0.652988
-1.31546
0.357586
0.766357
-1.4506
0.782151
0.0390838
-1.24649
0.13798
0.223009
-1.70349
0.441932
0.56371
-1.62568
-0.111307
0.758143
-1.78471
0.249092
0.752908
-1.59349
0.400949
0.497443
-1.24463
0.0354863
0.958288
-1.56984
0.0653549
0.835368
-1.6797
0.550923
0.822601
-1.47923
0.302571
0.473779
-1.72241
-0.104001
0.958559
-1.52113
0.342011
0.701645
-1.56856
0.0902182
0.552947
-1.64383
0.0560304
0.815702
-1.84673
0.200746
0.414823
-1.53906
-0.142426
0.965239
-1.55641
0.211521
0.635789
-1.74955
0.109942
0.747892
-1.59866
-0.276395
0.939339
-1.48151
-0.104858
0.989482
-1.69412
0.0830131
1.07516
-1.93156
0.126821
0.778172
-1.46923
0.106979
0.975233
-1.75086
0.286524
0.556836
-1.54067
0.374421
-0.151482
-1.29877
0.164771
0.59827
-1.72982
0.0043337
0.265294
-1.40297
-0.00620748
0.603401
-1.61113
0.135582
0.649136
-1.63577
-0.126832
0.656896
-1.28467
0.094148
0.744514
-1.60914
0.0426956
0.775381
-1.77964
0.0111554
0.779177
-1.49902
-0.184049
1.16717
-1.65525
0.217299
0.814404
-1.4691
0.0127322
1.22633
-1.78432
-0.268917
1.06939
-1.37342
0.121646
0.41519
-1.66926
-0.103163
0.462956
-1.46197
-0.34922
1.07743
-1.2704
0.0199007
0.726524
-1.5778
0.105708
0.9022
-1.53729
0.200046
0.706309
-1.27016
-0.604957
1.15631
-1.59273
0.318836
0.820131
-1.59084
-0.259748
1.19541
-1.63682
-0.0622887
0.814685
-1.69847
0.477374
0.229413
-1.73172
-0.460678
1.01752
-1.38169
0.27925
0.384788
-1.43879
0.682018
0.413056
-1.37898
0.067375
0.689839
-1.34697
0.316258
0.895119
-1.60799
0.351101
0.737399
-1.60015
0.50102
0.76582
-1.67425
0.433384
0.306909
-1.58115
0.0825742
0.849716
-1.55801
-0.0106328
1.20569
-1.81692
0.103221
1.15881
-1.66706
0.240313
0.809983
-1.6108
0.0861476
1.03119
-1.6356
0.64304
0.571552
-1.55185
0.161138
0.759119
-1.63806
-0.12276
1.21032
-1.76131
0.171762
0.795468
-1.47689
-0.210587
1.16875
-1.56702
-0.0521533
1.16454
-1.52848
-0.0114877
0.726658
-1.12049
0.0906977
1.09606
-1.66288
-0.131762
0.718196
-1.6324
-0.0511383
1.04824
-1.53589
-0.202143
0.923903
-1.68517
-0.304711
0.602956
-1.66452
-0.41638
0.927583
-1.29987
0.568116
0.818273
-1.46954
-0.0989922
0.967986
-1.53116
0.371838
0.737888
-1.44685
0.171906
0.648261
-1.61526
-0.19787
0.977566
-1.36349
-0.155393
0.540379
-1.63095
-0.197059
1.05495
-1.63542
0.285714
0.851675
-1.77696
-0.0156358
0.777703
-1.35801
0.587711
0.77833
-1.63214
0.206219
0.795042
-1.72626
0.50518
0.544856
-1.60817
-0.248689
1.15636
-1.64817
0.489075
0.557451
-1.55548
0.0260912
0.738763
-1.59506
0.0747684
0.492739
-1.72328
-0.0683222
0.725325
-1.26098
0.0321652
0.990175
-1.69616
-0.111998
1.1614
-1.62265
-0.258405
0.894152
-1.8291
0.441822
0.624704
-1.70937
0.167276
0.775878
-1.58247
-0.0112446
0.939701
-1.5934
-0.202635
1.30058
-1.69955
-0.349466
0.754643
-1.32701
0.463071
0.56211
-1.46533
0.122708
0.234533
-1.23478
-1.05977
1.15872
-1.16308
0.126804
1.02174
-1.61582
0.0601886
0.652844
-1.65354
-0.0533139
0.864739
-1.34907
0.190307
0.797379
-1.97706
-0.0855718
0.459801
-1.19413
-0.43238
1.03147
-1.57892
0.231761
0.572079
-1.53134
-0.346231
0.946885
-1.61544
0.0133032
1.06933
-1.43962
0.181036
-0.000132096
-1.44075
-0.125467
1.01713
-1.59773
0.380636
0.824754
-1.67824
-0.00462068
1.25969
-1.64771
-0.29996
1.29443
-1.54347
0.115256
0.562684
-1.78146
0.471564
0.814717
-1.35323
-0.0410653
0.77515
-1.55311
0.421112
0.746052
-1.44122
0.204648
0.157922
-1.49687
-0.19808
0.406403
-1.53841
-0.0491198
1.09055
-1.44778
0.0345817
0.920921
-1.41391
-0.434093
0.970293
-1.70164
0.373478
0.78544
-1.85689
0.081668
0.891966
-1.30981
0.141377
1.26299
-1.49834
0.0971159
0.946795
-1.518
0.262422
0.839858
-1.62848
0.195952
0.598332
-1.45462
0.185936
1.12271
-1.71053
-0.0270364
0.495771
-1.19716
-0.149997
0.643647
-1.41909
-0.0602912
1.03936
-1.36141
0.257962
0.426967
-1.45837
-0.180509
1.01535
-1.58551
0.0841779
0.688399
-1.48732
-0.350685
1.16573
-1.39389
-0.133657
1.33623
-1.71706
-0.346199
1.35732
-1.6338
0.303993
0.736574
-1.54737
-0.113202
0.01767
-1.2275
0.358728
0.291812
-1.28409
-0.0166124
1.18436
-1.64596
0.0761671
0.713146
-1.5286
-0.386794
0.52022
-1.24374
0.170093
0.896658
-1.64497
0.0970506
1.01179
-1.66292
-0.0564184
1.21115
-1.723
-0.016353
1.04806
-1.7826
0.264945
0.802949
-1.6917
-0.0808885
0.764876
-1.62161
-0.022464
0.840886
-1.51245
0.288978
0.76627
-1.43873
0.0712301
0.829851
-1.67805
0.52602
0.888528
-1.57317
0.28909
0.792825
-1.3973
0.699199
0.134078
-1.54957
0.0972611
0.66551
-1.56014
-0.485768
0.75959
-1.538
0.503882
0.699657
-1.52692
-0.146101
0.811067
-1.33387
0.109644
0.97795
-1.43807
0.306002
0.608507
-1.38438
0.0752175
0.999567
-1.60188
-0.168396
0.693815
-1.25876
-0.125491
1.45563
-1.59244
0.299899
0.747739
-1.32558
0.409256
0.754873
-1.60549
-0.00130355
0.460748
-1.43386
0.0835685
0.904726
-1.48582
-0.0265702
0.530621
-1.26725
0.284369
0.839226
-1.48378
-0.137533
0.940057
-1.5918
0.361846
0.957146
-1.64066
-0.0512235
0.566965
-1.50363
-0.158848
0.826619
-1.34052
0.133991
0.459087
-1.32915
0.238883
0.875934
-1.63737
-0.362696
1.07281
-1.45312
0.192053
0.842333
-1.38293
0.529308
0.684664
-1.48061
0.0797248
0.896679
-1.53716
-0.0427181
0.949842
-1.50336
-0.145385
0.790973
-1.47194
-0.0341864
0.25347
-1.24409
0.177561
1.18551
-1.65066
0.238216
0.657333
-1.3366
0.28439
0.959966
-1.67738
0.309733
1.00261
-1.49909
0.235784
1.01669
-1.58992
0.218841
0.637323
-1.46027
0.221586
0.294581
-1.63176
-0.0860762
0.189018
-1.46782
0.133214
0.557107
-1.6389
0.462934
0.465887
-1.50073
-0.0728493
0.885338
-1.46187
0.0526659
0.822951
-1.67157
0.117989
0.461315
-1.30443
0.0645101
0.761903
-1.67195
0.0300144
0.948064
-1.47241
0.543275
0.707894
-1.3498
0.360989
0.590886
-1.49657
0.0757388
0.040833
-1.02595
0.0733539
0.221547
-1.33643
